1.010000000000000000e+02 0.000000000000000000e+00
1.020000000000000000e+02 0.000000000000000000e+00
1.030000000000000000e+02 0.000000000000000000e+00
1.040000000000000000e+02 0.000000000000000000e+00
1.050000000000000000e+02 0.000000000000000000e+00
1.060000000000000000e+02 0.000000000000000000e+00
1.070000000000000000e+02 0.000000000000000000e+00
1.080000000000000000e+02 0.000000000000000000e+00
1.090000000000000000e+02 0.000000000000000000e+00
1.100000000000000000e+02 0.000000000000000000e+00
1.110000000000000000e+02 0.000000000000000000e+00
1.120000000000000000e+02 0.000000000000000000e+00
1.130000000000000000e+02 0.000000000000000000e+00
1.140000000000000000e+02 2.606138282514008964e+01
1.150000000000000000e+02 7.398409771001851709e+00
1.160000000000000000e+02 9.301750973864393757e+00
1.170000000000000000e+02 6.893322685957249973e+01
1.180000000000000000e+02 1.767313231279821082e+02
1.190000000000000000e+02 2.702986101431236534e+02
1.200000000000000000e+02 3.337352183986726004e+02
1.210000000000000000e+02 4.119552509023021685e+02
1.220000000000000000e+02 5.577383267579348285e+02
1.230000000000000000e+02 6.660605882389546650e+02
1.240000000000000000e+02 7.787287141257008898e+02
1.250000000000000000e+02 8.858297893590541889e+02
1.260000000000000000e+02 9.519450729572789669e+02
1.270000000000000000e+02 9.901878621032981300e+02
1.280000000000000000e+02 1.058950107654013209e+03
1.290000000000000000e+02 1.153208930319369529e+03
1.300000000000000000e+02 1.222545851690520976e+03
1.310000000000000000e+02 1.212530789255341006e+03
1.320000000000000000e+02 1.228259078390708964e+03
1.330000000000000000e+02 1.229928275668948572e+03
1.340000000000000000e+02 1.173854420867039607e+03
1.350000000000000000e+02 1.103344887160339567e+03
1.360000000000000000e+02 1.058942907902924617e+03
1.370000000000000000e+02 1.024126550093341848e+03
1.380000000000000000e+02 9.934341754043965693e+02
1.390000000000000000e+02 9.800317964322749731e+02
1.400000000000000000e+02 8.660817340800660986e+02
1.410000000000000000e+02 7.679527539195356667e+02
1.420000000000000000e+02 7.222279713752338921e+02
1.430000000000000000e+02 6.759682254304080971e+02
1.440000000000000000e+02 6.167311299046037902e+02
1.450000000000000000e+02 6.416109389753158894e+02
1.460000000000000000e+02 6.769632164281272253e+02
1.470000000000000000e+02 6.081960407299873168e+02
1.480000000000000000e+02 5.737062453847747747e+02
1.490000000000000000e+02 5.690112120099564663e+02
1.500000000000000000e+02 5.616373315221900384e+02
1.510000000000000000e+02 5.284033884878647314e+02
1.520000000000000000e+02 4.642222891723705516e+02
1.530000000000000000e+02 4.544111140427297073e+02
1.540000000000000000e+02 4.512960482057666241e+02
1.550000000000000000e+02 4.231393655880526694e+02
1.560000000000000000e+02 3.861254498963082256e+02
1.570000000000000000e+02 3.414479470441816034e+02
1.580000000000000000e+02 3.551524839867245191e+02
1.590000000000000000e+02 4.089555976358353178e+02
1.600000000000000000e+02 4.257743536403236249e+02
1.610000000000000000e+02 3.980906860194978094e+02
1.620000000000000000e+02 3.946054423475736144e+02
1.630000000000000000e+02 4.270007938601946194e+02
1.640000000000000000e+02 4.684319806471687571e+02
1.650000000000000000e+02 4.532219232731797547e+02
1.660000000000000000e+02 4.466848172370877137e+02
1.670000000000000000e+02 4.676947387056625303e+02
1.680000000000000000e+02 4.968211216552582528e+02
1.690000000000000000e+02 4.824946645924081281e+02
1.700000000000000000e+02 5.135454440987348335e+02
1.710000000000000000e+02 5.102274386019500980e+02
1.720000000000000000e+02 4.604688556108693547e+02
1.730000000000000000e+02 4.626429066583697818e+02
1.740000000000000000e+02 4.871545924704419122e+02
1.750000000000000000e+02 4.796807377515038979e+02
1.760000000000000000e+02 4.606157084837171283e+02
1.770000000000000000e+02 4.791584085441728575e+02
1.780000000000000000e+02 5.181566436838829759e+02
1.790000000000000000e+02 4.958623713130055535e+02
1.800000000000000000e+02 4.765926932794022832e+02
1.810000000000000000e+02 5.147205738643434643e+02
1.820000000000000000e+02 5.074266843808336489e+02
1.830000000000000000e+02 4.916050862476664634e+02
1.840000000000000000e+02 4.896175409043766535e+02
1.850000000000000000e+02 4.905373698817674040e+02
1.860000000000000000e+02 4.618788952292052272e+02
1.870000000000000000e+02 4.220590148724329538e+02
1.880000000000000000e+02 4.150761355320472603e+02
1.890000000000000000e+02 4.235952991702966983e+02
1.900000000000000000e+02 4.024561574154737400e+02
1.910000000000000000e+02 4.056137048320198915e+02
1.920000000000000000e+02 3.983929665836963636e+02
1.930000000000000000e+02 3.680141241651112978e+02
1.940000000000000000e+02 3.273821575694732928e+02
1.950000000000000000e+02 3.262541289566480032e+02
1.960000000000000000e+02 3.131061072184193677e+02
1.970000000000000000e+02 2.826057890686580549e+02
1.980000000000000000e+02 2.329805762289989843e+02
1.990000000000000000e+02 1.585928525409660779e+02
2.000000000000000000e+02 1.696242514001246775e+02
2.010000000000000000e+02 1.606716833851899651e+02
2.020000000000000000e+02 1.223278005393074181e+02
2.030000000000000000e+02 1.217819627878032946e+02
2.040000000000000000e+02 9.250885300560031510e+01
2.050000000000000000e+02 4.880216469197263507e+01
2.060000000000000000e+02 4.367317800248850546e+01
2.070000000000000000e+02 9.473018381456118675e+01
2.080000000000000000e+02 9.363350116780755172e+01
2.090000000000000000e+02 1.176128493258659802e+02
2.100000000000000000e+02 1.176994751088988522e+02
2.110000000000000000e+02 9.187835856253883549e+01
2.120000000000000000e+02 1.186049108276293538e+02
2.130000000000000000e+02 1.402095158680772045e+02
2.140000000000000000e+02 1.313235688861232973e+02
2.150000000000000000e+02 1.080103859987556802e+02
2.160000000000000000e+02 9.723114143331255832e+01
2.170000000000000000e+02 1.111993874922216321e+02
2.180000000000000000e+02 1.238745488487865458e+02
2.190000000000000000e+02 1.228807930927194860e+02
2.200000000000000000e+02 1.055286972412364577e+02
2.210000000000000000e+02 8.659445467745275948e+01
2.220000000000000000e+02 8.254457267994192193e+01
2.230000000000000000e+02 1.132007927193524779e+02
2.240000000000000000e+02 1.421827639079029382e+02
2.250000000000000000e+02 1.020389079278155435e+02
2.260000000000000000e+02 1.033252197884256844e+02
2.270000000000000000e+02 1.072930205973864588e+02
2.280000000000000000e+02 1.197652528935902296e+02
2.290000000000000000e+02 1.365167105787180333e+02
2.300000000000000000e+02 6.330005537440339936e+01
2.310000000000000000e+02 6.977480464426457729e+01
2.320000000000000000e+02 7.970193152219016497e+01
2.330000000000000000e+02 6.100833270690726806e+01
2.340000000000000000e+02 6.468395788010793979e+01
2.350000000000000000e+02 8.288928175238490326e+01
2.360000000000000000e+02 8.123492387678919613e+01
2.370000000000000000e+02 6.310193611076541487e+01
2.380000000000000000e+02 4.967536414644257547e+01
2.390000000000000000e+02 5.003522655258245777e+01
2.400000000000000000e+02 5.991241496784893883e+01
2.410000000000000000e+02 7.874528364654611323e+01
2.420000000000000000e+02 9.453815398257630420e+01
2.430000000000000000e+02 8.292509793818705077e+01
2.440000000000000000e+02 7.345999995851484243e+01
2.450000000000000000e+02 7.896475803360290513e+01
2.460000000000000000e+02 7.133102700684419517e+01
2.470000000000000000e+02 2.557411090418922228e+01
2.480000000000000000e+02 6.017992746525614223e+01
2.490000000000000000e+02 4.855589773076152227e+01
2.500000000000000000e+02 2.375815144960597891e+01
2.510000000000000000e+02 3.084497250155585846e+01
2.520000000000000000e+02 5.205199085666873060e+01
2.530000000000000000e+02 1.980857291580249679e+01
2.540000000000000000e+02 2.794348313005639284e+01
2.550000000000000000e+02 7.931061800871216150e+00
2.560000000000000000e+02 2.671987840315196649e+01
2.570000000000000000e+02 1.494166327940209449e+01
2.580000000000000000e+02 3.187719468160251068e+01
2.590000000000000000e+02 6.110971124870373927e+01
2.600000000000000000e+02 4.104717003733799174e+01
2.610000000000000000e+02 9.186630528935738838e+00
2.620000000000000000e+02 1.773594032358390393e+01
2.630000000000000000e+02 5.057506252229805455e+01
2.640000000000000000e+02 5.065217489732466305e+01
2.650000000000000000e+02 3.202525375855631751e+01
2.660000000000000000e+02 5.034097035054956848e+01
2.670000000000000000e+02 4.484318990251012593e+01
2.680000000000000000e+02 4.148078513793829103e+01
2.690000000000000000e+02 5.409871170504046489e+01
2.700000000000000000e+02 4.593527523335411900e+01
2.710000000000000000e+02 1.713002089608412604e+00
2.720000000000000000e+02 8.853755535780827302e+00
2.730000000000000000e+02 2.050083993777248992e+01
2.740000000000000000e+02 4.492658745333875459e+01
2.750000000000000000e+02 9.525354078406808256e+00
2.760000000000000000e+02 1.369672381041284304e+01
2.770000000000000000e+02 2.529303445873073741e+01
2.780000000000000000e+02 2.878907841319231053e+01
2.790000000000000000e+02 4.805812813109660020e+00
2.800000000000000000e+02 1.495775645976765666e+01
2.810000000000000000e+02 3.749811028209892072e+01
2.820000000000000000e+02 5.198017744866164946e+01
2.830000000000000000e+02 6.938390809622552524e+01
2.840000000000000000e+02 7.194006486621030660e+01
2.850000000000000000e+02 1.050581414519801911e+02
2.860000000000000000e+02 9.665088227753557248e+01
2.870000000000000000e+02 6.525183733042929646e+01
2.880000000000000000e+02 1.105336938394521411e+02
2.890000000000000000e+02 1.245545136901063898e+02
2.900000000000000000e+02 1.613004858328148998e+02
2.910000000000000000e+02 1.565183540136901570e+02
2.920000000000000000e+02 1.707838589296827649e+02
2.930000000000000000e+02 1.861895575399290124e+02
2.940000000000000000e+02 2.077089911429165738e+02
2.950000000000000000e+02 2.122258789462776747e+02
2.960000000000000000e+02 2.575859544492855662e+02
2.970000000000000000e+02 2.682201425637829857e+02
2.980000000000000000e+02 3.011800392242269595e+02
2.990000000000000000e+02 3.405114120306993755e+02
3.000000000000000000e+02 3.642542074657825992e+02
3.010000000000000000e+02 3.999661718730552593e+02
3.020000000000000000e+02 4.210261770587009664e+02
3.030000000000000000e+02 4.466141146827040416e+02
3.040000000000000000e+02 4.636722429371499175e+02
3.050000000000000000e+02 4.939549590541378166e+02
3.060000000000000000e+02 5.476835610949814281e+02
3.070000000000000000e+02 6.078402195810001558e+02
3.080000000000000000e+02 6.329515031113876375e+02
3.090000000000000000e+02 6.781638736209052922e+02
3.100000000000000000e+02 7.358856496267113698e+02
3.110000000000000000e+02 7.601379202240202630e+02
3.120000000000000000e+02 8.186883114084217823e+02
3.130000000000000000e+02 9.037220464633913934e+02
3.140000000000000000e+02 9.583988141257002553e+02
3.150000000000000000e+02 9.790635211574368668e+02
3.160000000000000000e+02 1.031760769342458616e+03
3.170000000000000000e+02 1.099265719145405001e+03
3.180000000000000000e+02 1.133083517734910174e+03
3.190000000000000000e+02 1.157531539514622864e+03
3.200000000000000000e+02 1.196721875959344061e+03
3.210000000000000000e+02 1.202840159717900633e+03
3.220000000000000000e+02 1.268431729724122988e+03
3.230000000000000000e+02 1.306355831985065379e+03
3.240000000000000000e+02 1.287396842563783821e+03
3.250000000000000000e+02 1.260144049159925089e+03
3.260000000000000000e+02 1.285245857291018410e+03
3.270000000000000000e+02 1.262511277120928526e+03
3.280000000000000000e+02 1.218327626633478076e+03
3.290000000000000000e+02 1.179106551337896462e+03
3.300000000000000000e+02 1.123691820576642613e+03
3.310000000000000000e+02 1.081152143331258458e+03
3.320000000000000000e+02 1.066729675793403885e+03
3.330000000000000000e+02 1.047046394523958952e+03
3.340000000000000000e+02 9.942133532462140693e+02
3.350000000000000000e+02 9.639759142501550286e+02
3.360000000000000000e+02 9.593918932794025523e+02
3.370000000000000000e+02 9.508044201617924500e+02
3.380000000000000000e+02 9.217537969300983605e+02
3.390000000000000000e+02 8.720662117195602150e+02
3.400000000000000000e+02 8.802300194358015233e+02
3.410000000000000000e+02 8.870919121526337676e+02
3.420000000000000000e+02 8.823476118855008963e+02
3.430000000000000000e+02 8.756600378137314920e+02
3.440000000000000000e+02 8.784652413106595077e+02
3.450000000000000000e+02 8.697618607135447064e+02
3.460000000000000000e+02 8.455141917859363048e+02
3.470000000000000000e+02 8.357524996267111419e+02
3.480000000000000000e+02 8.535009114084218709e+02
3.490000000000000000e+02 8.658406353453641486e+02
3.500000000000000000e+02 8.663491402322688373e+02
3.510000000000000000e+02 8.408429418083791234e+02
3.520000000000000000e+02 8.125970464841313969e+02
3.530000000000000000e+02 8.004104540344320640e+02
3.540000000000000000e+02 7.661886288114504850e+02
3.550000000000000000e+02 7.392325906658373924e+02
3.560000000000000000e+02 7.305079248288735698e+02
3.570000000000000000e+02 7.036849523750267963e+02
3.580000000000000000e+02 6.400760441817050150e+02
3.590000000000000000e+02 6.788668424393272289e+02
3.600000000000000000e+02 6.356508772868700134e+02
3.610000000000000000e+02 5.920829401991287568e+02
3.620000000000000000e+02 6.084591223190205937e+02
3.630000000000000000e+02 6.324303153080273887e+02
3.640000000000000000e+02 5.902120578718107708e+02
3.650000000000000000e+02 5.597407576228998778e+02
3.660000000000000000e+02 5.578345673304295360e+02
3.670000000000000000e+02 5.583952930512334660e+02
3.680000000000000000e+02 5.057390354209870793e+02
3.690000000000000000e+02 5.211043883011831213e+02
3.700000000000000000e+02 5.591587886330644324e+02
3.710000000000000000e+02 5.812562518871837938e+02
3.720000000000000000e+02 5.689505129641160011e+02
3.730000000000000000e+02 5.397372888612320594e+02
3.740000000000000000e+02 5.627955799253422811e+02
3.750000000000000000e+02 5.891280719560255648e+02
3.760000000000000000e+02 6.043892054967844842e+02
3.770000000000000000e+02 6.331612508710077236e+02
3.780000000000000000e+02 6.876184639079025374e+02
3.790000000000000000e+02 7.046698333125907538e+02
3.800000000000000000e+02 7.292658612943375829e+02
3.810000000000000000e+02 7.674522098527277194e+02
3.820000000000000000e+02 7.997086203484752787e+02
3.830000000000000000e+02 8.457702066583702845e+02
3.840000000000000000e+02 8.696930630159720295e+02
3.850000000000000000e+02 9.045065130056008229e+02
3.860000000000000000e+02 9.503171573532472394e+02
3.870000000000000000e+02 9.693979645924080160e+02
3.880000000000000000e+02 9.401831705247867603e+02
3.890000000000000000e+02 9.174538549263642153e+02
3.900000000000000000e+02 9.187690103298074291e+02
3.910000000000000000e+02 9.061047014934650861e+02
3.920000000000000000e+02 8.327652120306977395e+02
3.930000000000000000e+02 8.074099219871402511e+02
3.940000000000000000e+02 7.570603792574170257e+02
3.950000000000000000e+02 6.982410884487752583e+02
3.960000000000000000e+02 6.392263279402621947e+02
3.970000000000000000e+02 5.620921299937782578e+02
3.980000000000000000e+02 5.042312041061807122e+02
3.990000000000000000e+02 4.392953836133582399e+02
4.000000000000000000e+02 4.150268561294340088e+02
4.010000000000000000e+02 3.528045756947324207e+02
4.020000000000000000e+02 3.058938479361124791e+02
4.030000000000000000e+02 2.598054470026964395e+02
4.040000000000000000e+02 2.261105454168387894e+02
4.050000000000000000e+02 1.831083052893581282e+02
4.060000000000000000e+02 1.473394466500724036e+02
4.070000000000000000e+02 9.829986219664100133e+01
4.080000000000000000e+02 8.887235353246248337e+01
4.090000000000000000e+02 8.889790930304806693e+01
4.100000000000000000e+02 7.214983430616079829e+01
4.110000000000000000e+02 6.446705942128124889e+01
4.120000000000000000e+02 5.415546103505481312e+01
4.130000000000000000e+02 6.170455928645499455e+01
4.140000000000000000e+02 5.101487822028641972e+01
4.150000000000000000e+02 5.841605813316734697e+01
4.160000000000000000e+02 5.075446543663139209e+01
4.170000000000000000e+02 2.855225439950216071e+01
4.180000000000000000e+02 3.208933848164308955e+01
4.190000000000000000e+02 3.505563534536401704e+01
4.200000000000000000e+02 2.591293892345985839e+01
4.210000000000000000e+02 3.390724904189138300e+00
4.220000000000000000e+02 3.365869551130391102e+00
4.230000000000000000e+02 7.722821309272065449e+00
4.240000000000000000e+02 1.681985210700952749e+01
4.250000000000000000e+02 1.013778189587167589e+01
4.260000000000000000e+02 8.545957282306227754e+00
4.270000000000000000e+02 2.045995151389461952e+01
4.280000000000000000e+02 1.330910080398169981e+01
4.290000000000000000e+02 3.521821752333545419e+01
4.300000000000000000e+02 2.086418015968481399e+01
4.310000000000000000e+02 3.128318652146754530e+00
4.320000000000000000e+02 1.440267295395112512e+01
4.330000000000000000e+02 1.052072436839415204e+00
4.340000000000000000e+02 1.330166173822857800e+01
4.350000000000000000e+02 7.204326654636115990e+00
4.360000000000000000e+02 8.823025683882947945e+00
4.370000000000000000e+02 6.612670227753536523e+00
4.380000000000000000e+02 1.081268161667701122e+01
4.390000000000000000e+02 8.326793592200470329e+00
4.400000000000000000e+02 2.912279068657949210e+01
4.410000000000000000e+02 2.277800461729930248e+01
4.420000000000000000e+02 2.363118471893797690e+01
4.430000000000000000e+02 1.651769198921368798e+01
4.440000000000000000e+02 1.418214293092721334e+01
4.450000000000000000e+02 2.332665032980725073e+01
4.460000000000000000e+02 3.001923510889862357e+01
4.470000000000000000e+02 3.239963249948609292e+00
4.480000000000000000e+02 1.764092701306778821e+01
4.490000000000000000e+02 1.574250124662952999e+01
4.500000000000000000e+02 4.886401038580920897e+00
4.510000000000000000e+02 1.939528517734904511e+01
4.520000000000000000e+02 2.001468541588900862e+01
4.530000000000000000e+02 1.115216130055961585e+01
4.540000000000000000e+02 1.001734479983397108e+01
4.550000000000000000e+02 3.266112102675776008e+00
4.560000000000000000e+02 1.580546804604845690e+01
4.570000000000000000e+02 2.399896845467754503e+01
4.580000000000000000e+02 3.159154341008094846e+01
4.590000000000000000e+02 4.308537936527692835e+01
4.600000000000000000e+02 4.539276518357179668e+01
4.610000000000000000e+02 3.408631771624119011e+01
4.620000000000000000e+02 1.898514343218574396e+01
4.630000000000000000e+02 1.081405962041069024e+01
4.640000000000000000e+02 2.246908313627918119e+01
4.650000000000000000e+02 3.009907551638321621e+01
4.660000000000000000e+02 3.439959422111556364e+01
4.670000000000000000e+02 5.094467368180858813e+01
4.680000000000000000e+02 4.479361221692264650e+01
4.690000000000000000e+02 1.835458006222803817e+01
4.700000000000000000e+02 2.739653617714103717e+01
4.710000000000000000e+02 5.660209268353379031e+01
4.720000000000000000e+02 5.463899570628501579e+01
4.730000000000000000e+02 3.553555534536415905e+01
4.740000000000000000e+02 4.088184104127756768e+01
4.750000000000000000e+02 5.583943240821415799e+01
4.760000000000000000e+02 6.317561279610038838e+01
4.770000000000000000e+02 5.855839867454887582e+01
4.780000000000000000e+02 5.386939716863727767e+01
4.790000000000000000e+02 6.415439663762717259e+01
4.800000000000000000e+02 6.698564981746523017e+01
4.810000000000000000e+02 5.253960730553757230e+01
4.820000000000000000e+02 3.862911934660870372e+01
4.830000000000000000e+02 5.736655163244166289e+01
4.840000000000000000e+02 5.665946999170298426e+01
4.850000000000000000e+02 8.714279954158985220e+01
4.860000000000000000e+02 1.184172496577478029e+02
4.870000000000000000e+02 1.192696721219664653e+02
4.880000000000000000e+02 9.928103627878061843e+01
4.890000000000000000e+02 8.848224161343834737e+01
4.900000000000000000e+02 1.006393464053099507e+02
4.910000000000000000e+02 1.354278098319845185e+02
4.920000000000000000e+02 1.691419842181666411e+02
4.930000000000000000e+02 1.761712623522091121e+02
4.940000000000000000e+02 1.880717426882389134e+02
4.950000000000000000e+02 2.024741901700540154e+02
4.960000000000000000e+02 2.252983178593655964e+02
4.970000000000000000e+02 2.647706823688034774e+02
4.980000000000000000e+02 3.088297456034846959e+02
4.990000000000000000e+02 3.130654798796929867e+02
5.000000000000000000e+02 3.143548546981954246e+02
5.010000000000000000e+02 3.365483004355934895e+02
5.020000000000000000e+02 3.673186113047080426e+02
5.030000000000000000e+02 3.972686060775786245e+02
5.040000000000000000e+02 4.475537013897528595e+02
5.050000000000000000e+02 4.476162557560674031e+02
5.060000000000000000e+02 4.436941230242687766e+02
5.070000000000000000e+02 4.506520306367972921e+02
5.080000000000000000e+02 4.471503219456547527e+02
5.090000000000000000e+02 4.088265832607348216e+02
5.100000000000000000e+02 3.901158982576228595e+02
5.110000000000000000e+02 4.044275613773075975e+02
5.120000000000000000e+02 4.054644470441810995e+02
5.130000000000000000e+02 3.952787868077162443e+02
5.140000000000000000e+02 4.082721107031729275e+02
5.150000000000000000e+02 4.221934720862703330e+02
5.160000000000000000e+02 4.417160570213643496e+02
5.170000000000000000e+02 4.569495551752746110e+02
5.180000000000000000e+02 4.550249053504775816e+02
5.190000000000000000e+02 4.356642353453640908e+02
5.200000000000000000e+02 4.292918243310517710e+02
5.210000000000000000e+02 4.515273329946081162e+02
5.220000000000000000e+02 4.512257017423764296e+02
5.230000000000000000e+02 4.559536861854386984e+02
5.240000000000000000e+02 4.689422593114902043e+02
5.250000000000000000e+02 4.715011962663361942e+02
5.260000000000000000e+02 4.891042116780758988e+02
5.270000000000000000e+02 4.876073990667771909e+02
5.280000000000000000e+02 5.102418769135028356e+02
5.290000000000000000e+02 5.146816186890670224e+02
5.300000000000000000e+02 5.090791471478933090e+02
5.310000000000000000e+02 5.028757066583700066e+02
5.320000000000000000e+02 4.998651144368386667e+02
5.330000000000000000e+02 5.096965228375854053e+02
5.340000000000000000e+02 5.240508728686992299e+02
5.350000000000000000e+02 5.297802310101640160e+02
5.360000000000000000e+02 5.095440061605479514e+02
5.370000000000000000e+02 4.925848517320059727e+02
5.380000000000000000e+02 5.199738058494091320e+02
5.390000000000000000e+02 5.257948280647167394e+02
5.400000000000000000e+02 5.030963199751088837e+02
5.410000000000000000e+02 5.197557590541384798e+02
5.420000000000000000e+02 4.926557713337480777e+02
5.430000000000000000e+02 5.017283785151391839e+02
5.440000000000000000e+02 5.086978018253472555e+02
5.450000000000000000e+02 5.062741536403236751e+02
5.460000000000000000e+02 5.191178263583578882e+02
5.470000000000000000e+02 5.411906361543251478e+02
5.480000000000000000e+02 5.361124829910805829e+02
5.490000000000000000e+02 5.301347910825382996e+02
5.500000000000000000e+02 5.427042246421908658e+02
5.510000000000000000e+02 5.555538552375026029e+02
5.520000000000000000e+02 5.372238265450017707e+02
5.530000000000000000e+02 5.239001006222774777e+02
5.540000000000000000e+02 4.990288601742378205e+02
5.550000000000000000e+02 4.953916983198509456e+02
5.560000000000000000e+02 5.083429079444098875e+02
5.570000000000000000e+02 5.145379521883427287e+02
5.580000000000000000e+02 5.248525017216344395e+02
5.590000000000000000e+02 5.066269156813937684e+02
5.600000000000000000e+02 4.946834662725575527e+02
5.610000000000000000e+02 4.746549588467117928e+02
5.620000000000000000e+02 4.518392739265712521e+02
5.630000000000000000e+02 4.661790075295581914e+02
5.640000000000000000e+02 4.418090883634098986e+02
5.650000000000000000e+02 4.217862217589711804e+02
5.660000000000000000e+02 4.067510945447004360e+02
5.670000000000000000e+02 3.955353364654636721e+02
5.680000000000000000e+02 3.982381875544492118e+02
5.690000000000000000e+02 4.219348567517110382e+02
5.700000000000000000e+02 3.803771574569591962e+02
5.710000000000000000e+02 3.585690002489109816e+02
5.720000000000000000e+02 3.471411758971166819e+02
5.730000000000000000e+02 3.167447670815186029e+02
5.740000000000000000e+02 2.852946450114084200e+02
5.750000000000000000e+02 3.094384096660444357e+02
5.760000000000000000e+02 3.191461417133375562e+02
5.770000000000000000e+02 2.833145101431251192e+02
5.780000000000000000e+02 2.580721833229619619e+02
5.790000000000000000e+02 2.667549014727237022e+02
5.800000000000000000e+02 2.177688553619590266e+02
5.810000000000000000e+02 2.401008346401158633e+02
5.820000000000000000e+02 1.996059438705671027e+02
5.830000000000000000e+02 1.656739299875567610e+02
5.840000000000000000e+02 1.654826769135032123e+02
5.850000000000000000e+02 1.402790186890685220e+02
5.860000000000000000e+02 1.257265362505187056e+02
5.870000000000000000e+02 1.159834961418794279e+02
5.880000000000000000e+02 1.020446083302223599e+02
5.890000000000000000e+02 9.123542822065539326e+01
5.900000000000000000e+02 8.514379545529992299e+01
5.910000000000000000e+02 6.943428795270743592e+01
5.920000000000000000e+02 4.847850324346782003e+01
5.930000000000000000e+02 4.315091232731795401e+01
5.940000000000000000e+02 2.569823437876048189e+01
5.950000000000000000e+02 5.747060873703984996e+00
5.960000000000000000e+02 2.258436800871227490e+01
5.970000000000000000e+02 3.619522738228487579e+00
5.980000000000000000e+02 1.687172813731594800e+01
5.990000000000000000e+02 9.694829890064262656e+00
6.000000000000000000e+02 1.094486894212821193e+00
6.010000000000000000e+02 5.970808841319325211e+00
6.020000000000000000e+02 1.746056776394995325e+01
6.030000000000000000e+02 5.321305274009591813e+01
6.040000000000000000e+02 4.379802084422404107e+01
6.050000000000000000e+02 7.954268048538935432e+00
6.060000000000000000e+02 7.965312851274826578e+00
6.070000000000000000e+02 1.761378513378918598e+01
6.080000000000000000e+02 1.099197844638090871e+01
6.090000000000000000e+02 4.896564316050425525e+00
6.100000000000000000e+02 2.763932616054734126e+01
6.110000000000000000e+02 1.322222230719839331e+01
6.120000000000000000e+02 1.002680415574399930e+01
6.130000000000000000e+02 2.982771474382912302e+01
6.140000000000000000e+02 8.677310579962748349e+00
6.150000000000000000e+02 2.288537972625499517e+00
6.160000000000000000e+02 2.132704525202290924e+01
6.170000000000000000e+02 3.350304740717691487e+01
6.180000000000000000e+02 4.466848801493509313e+01
6.190000000000000000e+02 7.463702651732035065e+01
6.200000000000000000e+02 7.798439699087501253e+01
6.210000000000000000e+02 5.581690689483421863e+01
6.220000000000000000e+02 6.099258048537718224e+01
6.230000000000000000e+02 7.364162473553217581e+01
6.240000000000000000e+02 7.856265066168904809e+01
6.250000000000000000e+02 8.817853690935478994e+01
6.260000000000000000e+02 8.248207366936310336e+01
6.270000000000000000e+02 9.569554869943921460e+01
6.280000000000000000e+02 1.177407820991501808e+02
6.290000000000000000e+02 1.371801854387054505e+02
6.300000000000000000e+02 1.534921939224225014e+02
6.310000000000000000e+02 1.712891110765398821e+02
6.320000000000000000e+02 1.890786235220910498e+02
6.330000000000000000e+02 2.148633649865175528e+02
6.340000000000000000e+02 2.267123923252437123e+02
6.350000000000000000e+02 2.473535637212207519e+02
6.360000000000000000e+02 2.849620163658991601e+02
6.370000000000000000e+02 2.925994141227715204e+02
6.380000000000000000e+02 3.550952549263657261e+02
6.390000000000000000e+02 4.054054133167400664e+02
6.400000000000000000e+02 4.333569875985073168e+02
6.410000000000000000e+02 4.856999762290006970e+02
6.420000000000000000e+02 5.703205446795280977e+02
6.430000000000000000e+02 6.140718169224397798e+02
6.440000000000000000e+02 6.657641379796712044e+02
6.450000000000000000e+02 7.352678351586818053e+02
6.460000000000000000e+02 8.320784104935738696e+02
6.470000000000000000e+02 9.355143013690108091e+02
6.480000000000000000e+02 1.033485463596764475e+03
6.490000000000000000e+02 1.166360351721280949e+03
6.500000000000000000e+02 1.300810028624768620e+03
6.510000000000000000e+02 1.415032073221324026e+03
6.520000000000000000e+02 1.560660075088159829e+03
6.530000000000000000e+02 1.707450833644473278e+03
6.540000000000000000e+02 1.818847162414437207e+03
6.550000000000000000e+02 1.996368917237090727e+03
6.560000000000000000e+02 2.143514931342046111e+03
6.570000000000000000e+02 2.344821031943579783e+03
6.580000000000000000e+02 2.525012671852314725e+03
6.590000000000000000e+02 2.653233848786559065e+03
6.600000000000000000e+02 2.779916015349511781e+03
6.610000000000000000e+02 2.909462017216344520e+03
6.620000000000000000e+02 3.028055615847334138e+03
6.630000000000000000e+02 3.082269937785151797e+03
6.640000000000000000e+02 3.052883938394523284e+03
6.650000000000000000e+02 2.955339421281892555e+03
6.660000000000000000e+02 2.825205442554957244e+03
6.670000000000000000e+02 2.702985644679527013e+03
6.680000000000000000e+02 2.501925046048539571e+03
6.690000000000000000e+02 2.266909785151390679e+03
6.700000000000000000e+02 2.032944277120929883e+03
6.710000000000000000e+02 1.841548885086083601e+03
6.720000000000000000e+02 1.670973156781419448e+03
6.730000000000000000e+02 1.422913362787804772e+03
6.740000000000000000e+02 1.307053645301806000e+03
6.750000000000000000e+02 1.166313364164247560e+03
6.760000000000000000e+02 1.028823015930305928e+03
6.770000000000000000e+02 9.237014683883022599e+02
6.780000000000000000e+02 8.348672535780960970e+02
6.790000000000000000e+02 7.629407046878230858e+02
6.800000000000000000e+02 6.618852487035877630e+02
6.810000000000000000e+02 6.255126552582452177e+02
6.820000000000000000e+02 6.022116207218427917e+02
6.830000000000000000e+02 5.452298125285229844e+02
6.840000000000000000e+02 4.683359070732224154e+02
6.850000000000000000e+02 3.924656160755042720e+02
6.860000000000000000e+02 3.976717118855007698e+02
6.870000000000000000e+02 3.217092633478550852e+02
6.880000000000000000e+02 3.116800763327096888e+02
6.890000000000000000e+02 3.421648104335198468e+02
6.900000000000000000e+02 3.069304577058706514e+02
6.910000000000000000e+02 2.759654535158686599e+02
6.920000000000000000e+02 2.444568549564497459e+02
6.930000000000000000e+02 2.510899067413400587e+02
6.940000000000000000e+02 2.427460515453224161e+02
6.950000000000000000e+02 2.151475670468693977e+02
6.960000000000000000e+02 2.007203580584941278e+02
6.970000000000000000e+02 2.038506475420036566e+02
6.980000000000000000e+02 1.891430753214439164e+02
6.990000000000000000e+02 1.775710013897534054e+02
7.000000000000000000e+02 1.907376189794638037e+02
7.010000000000000000e+02 2.097093366314049376e+02
7.020000000000000000e+02 2.072849329599662553e+02
7.030000000000000000e+02 1.778983595934478217e+02
7.040000000000000000e+02 1.309971031736157272e+02
7.050000000000000000e+02 1.480597336167556648e+02
7.060000000000000000e+02 1.507722283551134126e+02
7.070000000000000000e+02 1.371390983198514277e+02
7.080000000000000000e+02 1.422575617171296187e+02
7.090000000000000000e+02 1.317783230864967550e+02
7.100000000000000000e+02 1.189932569176520047e+02
7.110000000000000000e+02 1.147118943591872977e+02
7.120000000000000000e+02 1.025104012860406897e+02
7.130000000000000000e+02 1.063042662103299421e+02
7.140000000000000000e+02 9.138409344255448730e+01
7.150000000000000000e+02 9.878657381456130793e+01
7.160000000000000000e+02 7.695572408628838446e+01
7.170000000000000000e+02 6.365117782202883490e+01
7.180000000000000000e+02 6.413271175482265107e+01
7.190000000000000000e+02 5.358578170711382427e+01
7.200000000000000000e+02 3.656682289981352341e+01
7.210000000000000000e+02 2.897484641153323537e+01
7.220000000000000000e+02 1.822362998755472674e+01
7.230000000000000000e+02 1.274401442439328846e+01
7.240000000000000000e+02 1.858127517527476158e+01
7.250000000000000000e+02 1.874962368803159762e+01
7.260000000000000000e+02 1.375436157436211637e+01
7.270000000000000000e+02 8.275144779091391456e+00
7.280000000000000000e+02 2.872182268616468637e+00
7.290000000000000000e+02 1.611591456336903860e+01
7.300000000000000000e+02 2.205890228998120506e+01
7.310000000000000000e+02 6.110238749481260889e+00
7.320000000000000000e+02 1.893577287492384542e+01
7.330000000000000000e+02 4.299747514416051075e+01
7.340000000000000000e+02 2.206107923060896070e+01
7.350000000000000000e+02 2.104919692390132546e+00
7.360000000000000000e+02 2.843913041070351611e+01
7.370000000000000000e+02 1.875574271381343650e+01
7.380000000000000000e+02 2.764211835926213467e+01
7.390000000000000000e+02 5.760366060568258284e+00
7.400000000000000000e+02 7.565140596225546687e+00
7.410000000000000000e+02 4.412837739265721382e+01
7.420000000000000000e+02 1.485699460070527422e+01
7.430000000000000000e+02 9.502865680630097955e+00
7.440000000000000000e+02 5.116003956440631129e+01
7.450000000000000000e+02 6.373230168014919172e+01
7.460000000000000000e+02 4.829970478531372180e+01
7.470000000000000000e+02 3.784451245799650110e+01
7.480000000000000000e+02 5.712397863306387080e+01
7.490000000000000000e+02 8.247487962455940647e+01
7.500000000000000000e+02 5.821263869943936697e+01
7.510000000000000000e+02 3.195257918481637915e+01
7.520000000000000000e+02 5.788662698402693252e+01
7.530000000000000000e+02 1.088887009168224864e+02
7.540000000000000000e+02 1.133348782825140120e+02
7.550000000000000000e+02 1.260641154324828790e+02
7.560000000000000000e+02 1.396386799211781522e+02
7.570000000000000000e+02 1.403240535669846736e+02
7.580000000000000000e+02 1.242203587222565488e+02
7.590000000000000000e+02 1.299149596764158048e+02
7.600000000000000000e+02 1.852610389879717445e+02
7.610000000000000000e+02 1.846281354283342750e+02
7.620000000000000000e+02 1.713724842978635081e+02
7.630000000000000000e+02 1.747343506843633349e+02
7.640000000000000000e+02 1.777669044803982388e+02
7.650000000000000000e+02 1.677620939224228778e+02
7.660000000000000000e+02 1.647402868104521190e+02
7.670000000000000000e+02 1.895880028624766567e+02
7.680000000000000000e+02 1.791971667081519968e+02
7.690000000000000000e+02 1.700705106180008102e+02
7.700000000000000000e+02 1.631322968056420279e+02
7.710000000000000000e+02 1.792299367143743893e+02
7.720000000000000000e+02 1.863672302219455901e+02
7.730000000000000000e+02 1.548985512134410385e+02
7.740000000000000000e+02 1.676388224434762719e+02
7.750000000000000000e+02 1.349774072391620336e+02
7.760000000000000000e+02 1.467659378552163787e+02
7.770000000000000000e+02 1.664945606098318081e+02
7.780000000000000000e+02 1.604744176726821365e+02
7.790000000000000000e+02 1.502038984650486668e+02
7.800000000000000000e+02 1.549465999170297152e+02
7.810000000000000000e+02 1.360114587844848302e+02
7.820000000000000000e+02 8.860990876789141169e+01
7.830000000000000000e+02 9.128305399294669087e+01
7.840000000000000000e+02 9.350150740717737108e+01
7.850000000000000000e+02 9.363929085441635891e+01
7.860000000000000000e+02 1.166160978842560922e+02
7.870000000000000000e+02 1.264923386849203553e+02
7.880000000000000000e+02 1.054147848299463419e+02
7.890000000000000000e+02 7.326635528728466795e+01
7.900000000000000000e+02 7.771441485998764165e+01
7.910000000000000000e+02 7.282014183326367629e+01
7.920000000000000000e+02 5.947011818917253834e+01
7.930000000000000000e+02 5.938048134204465356e+01
7.940000000000000000e+02 3.593988305682300677e+01
7.950000000000000000e+02 1.016203481456096824e+02
7.960000000000000000e+02 8.332453730346176712e+01
7.970000000000000000e+02 8.454992484031382105e+01
7.980000000000000000e+02 8.070384601742534869e+01
7.990000000000000000e+02 5.989602680771553622e+01
8.000000000000000000e+02 7.462655629744843111e+01
8.010000000000000000e+02 8.597172967434114810e+01
8.020000000000000000e+02 9.677738484339329261e+01
8.030000000000000000e+02 9.906122707322131760e+01
8.040000000000000000e+02 1.125022514623521914e+02
8.050000000000000000e+02 1.298198529558182486e+02
8.060000000000000000e+02 1.289138305745692605e+02
8.070000000000000000e+02 1.207013818917239689e+02
8.080000000000000000e+02 1.536694925326700627e+02
8.090000000000000000e+02 1.320080675793389560e+02
8.100000000000000000e+02 1.385464089193122277e+02
8.110000000000000000e+02 1.715429072998766173e+02
8.120000000000000000e+02 1.797949647376076996e+02
8.130000000000000000e+02 1.634465674548856100e+02
8.140000000000000000e+02 1.674462522713138526e+02
8.150000000000000000e+02 1.358838871188547444e+02
8.160000000000000000e+02 1.744497095001024149e+02
8.170000000000000000e+02 1.866479955196018068e+02
8.180000000000000000e+02 1.745274543248289376e+02
8.190000000000000000e+02 1.968660883634095455e+02
8.200000000000000000e+02 2.332025817880108320e+02
8.210000000000000000e+02 2.048139689898355869e+02
8.220000000000000000e+02 1.661122910392031145e+02
8.230000000000000000e+02 1.866076761045440264e+02
8.240000000000000000e+02 2.268622937357408773e+02
8.250000000000000000e+02 2.180388632932379664e+02
8.260000000000000000e+02 1.697866619580978522e+02
8.270000000000000000e+02 1.415547439327949064e+02
8.280000000000000000e+02 1.597509750725838273e+02
8.290000000000000000e+02 1.435026097697580667e+02
8.300000000000000000e+02 1.226219417548221173e+02
8.310000000000000000e+02 1.102011325798421097e+02
8.320000000000000000e+02 1.006561426882390577e+02
8.330000000000000000e+02 1.059842954573736478e+02
8.340000000000000000e+02 1.114063740771463529e+02
8.350000000000000000e+02 8.174889311346171894e+01
8.360000000000000000e+02 7.267302354075910387e+01
8.370000000000000000e+02 4.702981774160015505e+01
8.380000000000000000e+02 7.619164428956723611e+01
8.390000000000000000e+02 6.704686227546066846e+01
8.400000000000000000e+02 4.602079656502878180e+01
8.410000000000000000e+02 6.377147253266957705e+01
8.420000000000000000e+02 6.021639445965554671e+01
8.430000000000000000e+02 5.070081530387862045e+01
8.440000000000000000e+02 4.383745615225042513e+01
8.450000000000000000e+02 3.261224336652134781e+01
8.460000000000000000e+02 3.841776215307995557e+01
8.470000000000000000e+02 4.502798685749858976e+01
8.480000000000000000e+02 4.361946817465260295e+01
8.490000000000000000e+02 5.525920631611702305e+01
8.500000000000000000e+02 5.697367402613566156e+01
8.510000000000000000e+02 6.891956628707737309e+01
8.520000000000000000e+02 4.865020114084198610e+01
8.530000000000000000e+02 6.381518405102708869e+01
8.540000000000000000e+02 9.728785096847788338e+01
8.550000000000000000e+02 1.000931339141251897e+02
8.560000000000000000e+02 8.070408492221535823e+01
8.570000000000000000e+02 9.544691546661135817e+01
8.580000000000000000e+02 8.060770179215919029e+01
8.590000000000000000e+02 9.168696263223398546e+01
8.600000000000000000e+02 8.825500368311891464e+01
8.610000000000000000e+02 7.915175806264259961e+01
8.620000000000000000e+02 8.621122587222562572e+01
8.630000000000000000e+02 9.066003328079629853e+01
8.640000000000000000e+02 5.892976573739902335e+01
8.650000000000000000e+02 5.969953984443032269e+00
8.660000000000000000e+02 2.816290106824298434e+01
8.670000000000000000e+02 2.823100283758570583e+01
8.680000000000000000e+02 1.204156188861244381e+01
8.690000000000000000e+02 5.071049572495320845e+00
8.700000000000000000e+02 5.334790446173018452e+00
8.710000000000000000e+02 7.700684543040813068e+00
8.720000000000000000e+02 8.939988445550817175e+00
8.730000000000000000e+02 1.876312106616874420e+00
8.740000000000000000e+02 9.213239751918330001e+00
8.750000000000000000e+02 3.165055230864888358e+01
8.760000000000000000e+02 2.724249983198611602e+01
8.770000000000000000e+02 8.918459962663501273e+00
8.780000000000000000e+02 2.059764205973829831e+01
8.790000000000000000e+02 2.220703712567474497e+01
8.800000000000000000e+02 2.279890687201625799e+00
8.810000000000000000e+02 1.209443686994395684e+01
8.820000000000000000e+02 1.805008233098298476e+01
8.830000000000000000e+02 8.531742097075181164e+00
8.840000000000000000e+02 2.204176738643452893e+01
8.850000000000000000e+02 2.627934100788139560e+01
8.860000000000000000e+02 3.462247459240668679e+00
8.870000000000000000e+02 1.166556688861246727e+01
8.880000000000000000e+02 2.064093816134258574e+01
8.890000000000000000e+02 6.729830585149780831e+00
8.900000000000000000e+02 7.497963930304867297e+00
8.910000000000000000e+02 1.052586131480696174e+01
8.920000000000000000e+02 3.083761709188802413e+01
8.930000000000000000e+02 5.404472552997513901e+01
8.940000000000000000e+02 6.849644412362835055e+00
8.950000000000000000e+02 6.729537899813113455e+00
8.960000000000000000e+02 1.986207290603592668e+01
8.970000000000000000e+02 1.888898344949176078e+01
8.980000000000000000e+02 1.030014311097293600e+01
8.990000000000000000e+02 2.213359402613562210e+01
9.000000000000000000e+02 6.305842071562444140e+00
9.010000000000000000e+02 1.432733570006219281e+01
9.020000000000000000e+02 3.114732028209965531e+00
9.030000000000000000e+02 4.468682899813754439e+00
9.040000000000000000e+02 1.349345338519015058e+01
9.050000000000000000e+02 2.030721823065782772e+01
9.060000000000000000e+02 5.739510275044661824e+00
9.070000000000000000e+02 1.719068434971748971e+01
9.080000000000000000e+02 5.993829017419889738e+01
9.090000000000000000e+02 9.627550823895493437e+00
9.100000000000000000e+02 3.349913405517504827e+01
9.110000000000000000e+02 1.687371298465408387e+01
9.120000000000000000e+02 1.624401080273796083e+01
9.130000000000000000e+02 4.416661279402597984e+01
9.140000000000000000e+02 6.235380238490252225e+01
9.150000000000000000e+02 6.619750427919537117e+01
9.160000000000000000e+02 7.569970757726616739e+01
9.170000000000000000e+02 7.076790729572788052e+01
9.180000000000000000e+02 9.076685674548949123e+01
9.190000000000000000e+02 1.186851949388100564e+02
9.200000000000000000e+02 1.342291772661272944e+02
9.210000000000000000e+02 1.170738567517098687e+02
9.220000000000000000e+02 9.719861754200395865e+01
9.230000000000000000e+02 1.002491146359677998e+02
9.240000000000000000e+02 9.026723892138623739e+01
9.250000000000000000e+02 7.861720839037576525e+01
9.260000000000000000e+02 1.162839761045424183e+02
9.270000000000000000e+02 5.588851052271395048e+01
9.280000000000000000e+02 6.718893953121666129e+01
9.290000000000000000e+02 8.780228386641752536e+01
9.300000000000000000e+02 6.844713314250144265e+01
9.310000000000000000e+02 7.377732630367155764e+01
9.320000000000000000e+02 8.559666947728702269e+01
9.330000000000000000e+02 4.977951668948424668e+01
9.340000000000000000e+02 7.037620764827872222e+01
9.350000000000000000e+02 4.445284842148983984e+01
9.360000000000000000e+02 4.278146358431831686e+01
9.370000000000000000e+02 4.270768922438723081e+01
9.380000000000000000e+02 3.980739516282918089e+01
9.390000000000000000e+02 3.805490733665180159e+01
9.400000000000000000e+02 3.253664766901739824e+01
9.410000000000000000e+02 1.934193305538266827e+01
9.420000000000000000e+02 2.031497487243309763e+01
9.430000000000000000e+02 1.161228042098689883e+01
9.440000000000000000e+02 2.210944746940481664e+01
9.450000000000000000e+02 1.268087998133153782e+01
9.460000000000000000e+02 6.428171222152886166e+00
9.470000000000000000e+02 3.214378004978358572e+00
9.480000000000000000e+02 1.638467062020327347e+01
9.490000000000000000e+02 1.083914327442442982e+01
9.500000000000000000e+02 6.169766720862702059e+00
9.510000000000000000e+02 2.226956907280647968e+01
9.520000000000000000e+02 1.232024262808532455e+01
9.530000000000000000e+02 9.591799886769109662e+00
9.540000000000000000e+02 1.028331121841942419e+01
9.550000000000000000e+02 3.124256257208057619e+01
9.560000000000000000e+02 1.167307156781421185e+01
9.570000000000000000e+02 4.869767655673074103e+01
9.580000000000000000e+02 5.114060303671448793e+01
9.590000000000000000e+02 3.683664524885941205e+01
9.600000000000000000e+02 4.225573287077364171e+01
9.610000000000000000e+02 6.858931720182523861e+01
9.620000000000000000e+02 8.351291052063893972e+01
9.630000000000000000e+02 8.452366450528990072e+01
9.640000000000000000e+02 1.074433683675586764e+02
9.650000000000000000e+02 1.093154737191452881e+02
9.660000000000000000e+02 1.259609236258035878e+02
9.670000000000000000e+02 1.023377821344126914e+02
9.680000000000000000e+02 1.330624355942741772e+02
9.690000000000000000e+02 1.867287332503618984e+02
9.700000000000000000e+02 1.853323931756908394e+02
9.710000000000000000e+02 1.684480303256582943e+02
9.720000000000000000e+02 2.030166484131917173e+02
9.730000000000000000e+02 1.844644963500622055e+02
9.740000000000000000e+02 1.955441153909973480e+02
9.750000000000000000e+02 2.546296097904994724e+02
9.760000000000000000e+02 2.783649547698050810e+02
9.770000000000000000e+02 2.763759922837585350e+02
9.780000000000000000e+02 3.108781186890694812e+02
9.790000000000000000e+02 3.637905829116543259e+02
9.800000000000000000e+02 3.802770022401985557e+02
9.810000000000000000e+02 4.021457939639084884e+02
9.820000000000000000e+02 4.253244023226864101e+02
9.830000000000000000e+02 5.032881599875516372e+02
9.840000000000000000e+02 5.366940203692173554e+02
9.850000000000000000e+02 5.518186942762336002e+02
9.860000000000000000e+02 6.532391230242635629e+02
9.870000000000000000e+02 7.541364615225055559e+02
9.880000000000000000e+02 7.650509701514204153e+02
9.890000000000000000e+02 8.149667830947919356e+02
9.900000000000000000e+02 9.190193182949583388e+02
9.910000000000000000e+02 9.772860445550720669e+02
9.920000000000000000e+02 1.078426158058494821e+03
9.930000000000000000e+02 1.206911046670815722e+03
9.940000000000000000e+02 1.303757141049576830e+03
9.950000000000000000e+02 1.396589980087121830e+03
9.960000000000000000e+02 1.524525740717697090e+03
9.970000000000000000e+02 1.647822638249321471e+03
9.980000000000000000e+02 1.731101586392869649e+03
9.990000000000000000e+02 1.886663670192913287e+03
1.000000000000000000e+03 1.965324830360841361e+03
1.001000000000000000e+03 2.100185755186716051e+03
1.002000000000000000e+03 2.185363626556017152e+03
1.003000000000000000e+03 2.261196861283640374e+03
1.004000000000000000e+03 2.343169161825726405e+03
1.005000000000000000e+03 2.379712950207468566e+03
1.006000000000000000e+03 2.374030668049792439e+03
1.007000000000000000e+03 2.358140944099378430e+03
1.008000000000000000e+03 2.300558462655603762e+03
1.009000000000000000e+03 2.222614398340246680e+03
1.010000000000000000e+03 2.110369452282161092e+03
1.011000000000000000e+03 1.938005804979246250e+03
1.012000000000000000e+03 1.758152228215766627e+03
1.013000000000000000e+03 1.599557452282165059e+03
1.014000000000000000e+03 1.414256829875515223e+03
1.015000000000000000e+03 1.171717271221538795e+03
1.016000000000000000e+03 1.013285448962653390e+03
1.017000000000000000e+03 9.022246854771794915e+02
1.018000000000000000e+03 7.787061744813267978e+02
1.019000000000000000e+03 6.576961221991704178e+02
1.020000000000000000e+03 6.111135846473027868e+02
1.021000000000000000e+03 5.785588692946040510e+02
1.022000000000000000e+03 5.242044074688806177e+02
1.023000000000000000e+03 4.925212024896254661e+02
1.024000000000000000e+03 4.567679621118011823e+02
1.025000000000000000e+03 3.983462742738551015e+02
1.026000000000000000e+03 3.494299207468917530e+02
1.027000000000000000e+03 3.702276508298753583e+02
1.028000000000000000e+03 3.535310509316763046e+02
1.029000000000000000e+03 3.425688211618259515e+02
1.030000000000000000e+03 3.354037136929475764e+02
1.031000000000000000e+03 3.055905004149378783e+02
1.032000000000000000e+03 2.876355786749494996e+02
1.033000000000000000e+03 3.109869929460564322e+02
1.034000000000000000e+03 3.186736141078839069e+02
1.035000000000000000e+03 2.989897304979240289e+02
1.036000000000000000e+03 2.362481188405828334e+02
1.037000000000000000e+03 2.408465203319483976e+02
1.038000000000000000e+03 2.362354186721988185e+02
1.039000000000000000e+03 2.278567742738596280e+02
1.040000000000000000e+03 2.359796060041412318e+02
1.041000000000000000e+03 2.388206933609956195e+02
1.042000000000000000e+03 2.549583802904561480e+02
1.043000000000000000e+03 2.408868883817409028e+02
1.044000000000000000e+03 2.126076854771789613e+02
1.045000000000000000e+03 2.286439838174274541e+02
1.046000000000000000e+03 1.915446024896216386e+02
1.047000000000000000e+03 1.686204892116177234e+02
1.048000000000000000e+03 1.769132825726139515e+02
1.049000000000000000e+03 1.697618676348532176e+02
1.050000000000000000e+03 1.345965728215788033e+02
1.051000000000000000e+03 1.051471475103737561e+02
1.052000000000000000e+03 1.250605823651453932e+02
1.053000000000000000e+03 9.449295376811230085e+01
1.054000000000000000e+03 9.866558290456580949e+01
1.055000000000000000e+03 5.377027120331965193e+01
1.056000000000000000e+03 3.930016556016654761e+01
1.057000000000000000e+03 4.764405706004157537e+01
1.058000000000000000e+03 3.362296908713783949e+01
1.059000000000000000e+03 5.401036543567855119e+00
1.060000000000000000e+03 5.666338053943501762e+00
1.061000000000000000e+03 2.845022652173820177e+01
1.062000000000000000e+03 2.770816975103717184e+01
1.063000000000000000e+03 6.007572589210948166e+00
1.064000000000000000e+03 6.586886012448327499e+00
1.065000000000000000e+03 6.823389834368296825e+00
1.066000000000000000e+03 5.713536690871119816e+00
1.067000000000000000e+03 1.356341454356729237e+01
1.068000000000000000e+03 6.611579367219944103e+00
1.069000000000000000e+03 3.367597695652155387e+00
1.070000000000000000e+03 1.838628182573039993e+01
1.071000000000000000e+03 6.174795224066183863e+01
1.072000000000000000e+03 7.057984721991736876e+01
1.073000000000000000e+03 3.396561290456229898e+01
1.074000000000000000e+03 2.588256931535289951e+01
1.075000000000000000e+03 1.770316317427403519e+01
1.076000000000000000e+03 2.565837715767593963e+01
1.077000000000000000e+03 1.020037650207519064e+01
1.078000000000000000e+03 1.584219739130564975e+01
1.079000000000000000e+03 1.655224853941896868e+01
1.080000000000000000e+03 2.730018850622479221e+01
1.081000000000000000e+03 6.480770049792690202e+01
1.082000000000000000e+03 3.737986109958586667e+01
1.083000000000000000e+03 1.711222008298771158e+01
1.084000000000000000e+03 3.882539786307116714e+01
1.085000000000000000e+03 1.515557393983597834e+01
1.086000000000000000e+03 1.388773434782591742e+01
1.087000000000000000e+03 2.296627717842006433e+01
1.088000000000000000e+03 1.109872022406272762e+01
1.089000000000000000e+03 4.999412298755132156e+01
1.090000000000000000e+03 4.545317240663881364e+01
1.091000000000000000e+03 4.619807394190829086e+01
1.092000000000000000e+03 5.361359817427354102e+01
1.093000000000000000e+03 5.031439477178422237e+01
1.094000000000000000e+03 4.687484579710211818e+01
1.095000000000000000e+03 7.052790842323483389e+01
1.096000000000000000e+03 7.566124556016633562e+01
1.097000000000000000e+03 6.441028697095437394e+01
1.098000000000000000e+03 7.711321583851054129e+01
1.099000000000000000e+03 1.085071163900402951e+02
1.100000000000000000e+03 1.177675329875514905e+02
1.101000000000000000e+03 8.522838665975004346e+01
1.102000000000000000e+03 1.012463559751016930e+02
1.103000000000000000e+03 1.059496630705394580e+02
1.104000000000000000e+03 7.893162165974928257e+01
1.105000000000000000e+03 9.566397037343998022e+01
1.106000000000000000e+03 1.036955037344407202e+02
1.107000000000000000e+03 9.270320511387163265e+01
1.108000000000000000e+03 1.051954780082996308e+02
1.109000000000000000e+03 1.109941280082998958e+02
1.110000000000000000e+03 1.015912794605807932e+02
1.111000000000000000e+03 1.099437834024894300e+02
1.112000000000000000e+03 9.907178846473193801e+01
1.113000000000000000e+03 8.150293485477243394e+01
1.114000000000000000e+03 5.964476410788348915e+01
1.115000000000000000e+03 7.918651999999859470e+01
1.116000000000000000e+03 9.090078248962736041e+01
1.117000000000000000e+03 9.905054387966808349e+01
1.118000000000000000e+03 9.716765952281909335e+01
1.119000000000000000e+03 5.655695047718025847e+01
1.120000000000000000e+03 6.390838742738574041e+01
1.121000000000000000e+03 6.718041082987635093e+01
1.122000000000000000e+03 8.488049419086929959e+01
1.123000000000000000e+03 4.931796472049838798e+01
1.124000000000000000e+03 5.491098433609987239e+01
1.125000000000000000e+03 6.540196773858943402e+01
1.126000000000000000e+03 6.391789228215802865e+01
1.127000000000000000e+03 8.207063540372597288e+01
1.128000000000000000e+03 8.202568680497603282e+01
1.129000000000000000e+03 3.259970763485565470e+01
1.130000000000000000e+03 2.213709958506153441e+01
1.131000000000000000e+03 4.921228705394206315e+01
1.132000000000000000e+03 5.083413995850580847e+01
1.133000000000000000e+03 5.129736871369284046e+01
1.134000000000000000e+03 5.094128562240666724e+01
1.135000000000000000e+03 3.228415053941764512e+01
1.136000000000000000e+03 2.793644190869300381e+00
1.137000000000000000e+03 1.771164128630501011e+01
1.138000000000000000e+03 2.464490793360877774e+01
1.139000000000000000e+03 1.298278657676070225e+01
1.140000000000000000e+03 1.782089719916910653e+01
1.141000000000000000e+03 2.169454999999999956e+01
1.142000000000000000e+03 1.267402251037370675e+01
1.143000000000000000e+03 3.683868618257230310e+01
1.144000000000000000e+03 1.819295322981452045e+01
1.145000000000000000e+03 7.915512622407357313e+00
1.146000000000000000e+03 6.508452531119196749e+00
1.147000000000000000e+03 2.137936118671906627e+01
1.148000000000000000e+03 4.712385308488154401e+00
1.149000000000000000e+03 2.322515875518312356e+01
1.150000000000000000e+03 3.246698572613702538e+01
1.151000000000000000e+03 4.023295726141401474e+01
1.152000000000000000e+03 2.726576956521597950e+01
1.153000000000000000e+03 3.337064759336206521e+01
1.154000000000000000e+03 4.921366070539464488e+01
1.155000000000000000e+03 2.868936033195005209e+01
1.156000000000000000e+03 1.729985485477144280e+01
1.157000000000000000e+03 1.347945647302924144e+01
1.158000000000000000e+03 1.661161139004138931e+01
1.159000000000000000e+03 1.698577564315335309e+01
1.160000000000000000e+03 1.638392012448152357e+01
1.161000000000000000e+03 3.106537124481243239e+01
1.162000000000000000e+03 5.246805261410778343e+01
1.163000000000000000e+03 4.506183784232260336e+01
1.164000000000000000e+03 3.635412792531088400e+01
1.165000000000000000e+03 4.637123651452280626e+01
1.166000000000000000e+03 7.021063163900525694e+01
1.167000000000000000e+03 8.023149205394189210e+01
1.168000000000000000e+03 6.827911636929542283e+01
1.169000000000000000e+03 6.502589720496906978e+01
1.170000000000000000e+03 4.907433149377228432e+01
1.171000000000000000e+03 3.743308049792479864e+01
1.172000000000000000e+03 5.506360738589189907e+01
1.173000000000000000e+03 6.371935459627287202e+01
1.174000000000000000e+03 4.781988078838263334e+01
1.175000000000000000e+03 5.288011221991733635e+01
1.176000000000000000e+03 3.971701875518597546e+01
1.177000000000000000e+03 2.225224157350069021e+01
1.178000000000000000e+03 7.540343456431310187e+01
1.179000000000000000e+03 8.002508809128617884e+01
1.180000000000000000e+03 5.599472008298631920e+01
1.181000000000000000e+03 6.884267634854843720e+01
1.182000000000000000e+03 7.776790143153560564e+01
1.183000000000000000e+03 6.675084948132783325e+01
1.184000000000000000e+03 7.305831080912970776e+01
1.185000000000000000e+03 7.707257360995886586e+01
1.186000000000000000e+03 6.759849448132767691e+01
1.187000000000000000e+03 7.279025647302968594e+01
1.188000000000000000e+03 8.505719062240615358e+01
1.189000000000000000e+03 5.689399596273317172e+01
1.190000000000000000e+03 5.916079043568636564e+01
1.191000000000000000e+03 1.032449768672227606e+02
1.192000000000000000e+03 1.218086603734442548e+02
1.193000000000000000e+03 1.105748817427383415e+02
1.194000000000000000e+03 7.035681547717280182e+01
1.195000000000000000e+03 4.186357518672105726e+01
1.196000000000000000e+03 5.993165070539399153e+01
1.197000000000000000e+03 7.696294481327888093e+01
1.198000000000000000e+03 7.863784093167787148e+01
1.199000000000000000e+03 4.619507356846536794e+01
1.200000000000000000e+03 9.234582898340384816e+01
1.201000000000000000e+03 1.159326197095445963e+02
1.202000000000000000e+03 8.757035755186906556e+01
1.203000000000000000e+03 5.916816414937751745e+01
1.204000000000000000e+03 5.064482987551884463e+01
1.205000000000000000e+03 5.602762713692836627e+01
1.206000000000000000e+03 7.440150701863268523e+01
1.207000000000000000e+03 7.758871402489528180e+01
1.208000000000000000e+03 6.479430049792526347e+01
1.209000000000000000e+03 7.029586284232391336e+01
1.210000000000000000e+03 5.557640962655609940e+01
1.211000000000000000e+03 3.617559008298644585e+01
1.212000000000000000e+03 3.670218253111929840e+01
1.213000000000000000e+03 8.283537199170027066e+01
1.214000000000000000e+03 5.678361095435530359e+01
1.215000000000000000e+03 3.539814014522951879e+01
1.216000000000000000e+03 5.510553881742634985e+01
1.217000000000000000e+03 5.566889686721971486e+01
1.218000000000000000e+03 4.532137838509319039e+01
1.219000000000000000e+03 4.452210215767644286e+01
1.220000000000000000e+03 5.758075493775893250e+01
1.221000000000000000e+03 8.410024493775974008e+01
1.222000000000000000e+03 8.135978842323660842e+01
1.223000000000000000e+03 6.714800641078861076e+01
1.224000000000000000e+03 6.316065686721966443e+01
1.225000000000000000e+03 4.092913881742542515e+01
1.226000000000000000e+03 3.090293881742772797e+01
1.227000000000000000e+03 3.466400467908903238e+01
1.228000000000000000e+03 5.181262427386016611e+01
1.229000000000000000e+03 4.226202941908769617e+01
1.230000000000000000e+03 6.463947053941733145e+01
1.231000000000000000e+03 8.438590109958445851e+01
1.232000000000000000e+03 8.291967454356917244e+01
1.233000000000000000e+03 8.218873232365372417e+01
1.234000000000000000e+03 5.577250458506227915e+01
1.235000000000000000e+03 4.771848983436780856e+01
1.236000000000000000e+03 3.987391929460564199e+01
1.237000000000000000e+03 4.222089609958522516e+01
1.238000000000000000e+03 1.596540298755115828e+01
1.239000000000000000e+03 1.848730834024980751e+01
1.240000000000000000e+03 1.704400968879689415e+01
1.241000000000000000e+03 3.625036919087165188e+01
1.242000000000000000e+03 4.534756970954348532e+01
1.243000000000000000e+03 4.003076975103712698e+01
1.244000000000000000e+03 6.131435991701191313e+01
1.245000000000000000e+03 7.595238477178281755e+01
1.246000000000000000e+03 5.025053887966738131e+01
1.247000000000000000e+03 4.165273784232347509e+01
1.248000000000000000e+03 4.277684221991684410e+01
1.249000000000000000e+03 3.803529846473070819e+01
1.250000000000000000e+03 4.436057404564314766e+01
1.251000000000000000e+03 3.183300043568469206e+01
1.252000000000000000e+03 5.120079966805118232e+01
1.253000000000000000e+03 4.313274941908817084e+01
1.254000000000000000e+03 4.843884821576710209e+01
1.255000000000000000e+03 2.652770190871300571e+01
1.256000000000000000e+03 3.539117807453602182e+01
1.257000000000000000e+03 4.337397860995935872e+01
1.258000000000000000e+03 4.585217087136916803e+01
1.259000000000000000e+03 4.897866317427205729e+01
1.260000000000000000e+03 3.110032366459654440e+01
1.261000000000000000e+03 3.504113340248984088e+01
1.262000000000000000e+03 3.364538070539468606e+01
1.263000000000000000e+03 4.547878539419038901e+01
1.264000000000000000e+03 2.489645927536334113e+01
1.265000000000000000e+03 2.180781609958510714e+01
1.266000000000000000e+03 3.731404804979360534e+01
1.267000000000000000e+03 3.907186004149399849e+01
1.268000000000000000e+03 2.835102821576811749e+01
1.269000000000000000e+03 5.445171278008486837e+01
1.270000000000000000e+03 4.192539145227870989e+01
1.271000000000000000e+03 1.826852174273861351e+01
1.272000000000000000e+03 2.441556887966806144e+01
1.273000000000000000e+03 1.450537613692635119e+01
1.274000000000000000e+03 1.507443188796419520e+01
1.275000000000000000e+03 5.131949408713665406e+01
1.276000000000000000e+03 4.535104989626471195e+01
1.277000000000000000e+03 2.846036668049792340e+01
1.278000000000000000e+03 4.024364045643114451e+01
1.279000000000000000e+03 3.103485672199135337e+01
1.280000000000000000e+03 8.428895468879915143e+00
1.281000000000000000e+03 2.195195655601375151e+01
1.282000000000000000e+03 1.136801605809147198e+01
1.283000000000000000e+03 3.767097199170277122e+01
1.284000000000000000e+03 4.946714217842170314e+01
1.285000000000000000e+03 1.913989169151308189e+01
1.286000000000000000e+03 8.508140954357706676e+00
1.287000000000000000e+03 2.681773556016637627e+01
1.288000000000000000e+03 1.356646126971225286e+01
1.289000000000000000e+03 1.972605004347796509e+01
1.290000000000000000e+03 7.526986943983345668e+01
1.291000000000000000e+03 3.836274877593415056e+01
1.292000000000000000e+03 1.591714184647310226e+01
1.293000000000000000e+03 3.277323832298195327e+01
1.294000000000000000e+03 1.389442012447978136e+01
1.295000000000000000e+03 3.171658016597378804e+01
1.296000000000000000e+03 3.599240000000000217e-01
1.297000000000000000e+03 1.458535086956318949e+01
1.298000000000000000e+03 0.000000000000000000e+00
1.299000000000000000e+03 0.000000000000000000e+00
1.300000000000000000e+03 0.000000000000000000e+00
1.301000000000000000e+03 0.000000000000000000e+00
1.302000000000000000e+03 0.000000000000000000e+00
1.303000000000000000e+03 0.000000000000000000e+00
1.304000000000000000e+03 0.000000000000000000e+00
1.305000000000000000e+03 0.000000000000000000e+00
1.306000000000000000e+03 0.000000000000000000e+00
1.307000000000000000e+03 0.000000000000000000e+00
1.308000000000000000e+03 0.000000000000000000e+00
1.309000000000000000e+03 0.000000000000000000e+00
1.310000000000000000e+03 0.000000000000000000e+00
1.311000000000000000e+03 0.000000000000000000e+00
1.312000000000000000e+03 0.000000000000000000e+00
1.313000000000000000e+03 0.000000000000000000e+00
1.314000000000000000e+03 0.000000000000000000e+00
1.315000000000000000e+03 0.000000000000000000e+00
1.316000000000000000e+03 0.000000000000000000e+00
1.317000000000000000e+03 0.000000000000000000e+00
1.318000000000000000e+03 0.000000000000000000e+00
1.319000000000000000e+03 0.000000000000000000e+00
1.320000000000000000e+03 0.000000000000000000e+00
1.321000000000000000e+03 0.000000000000000000e+00
1.322000000000000000e+03 0.000000000000000000e+00
1.323000000000000000e+03 0.000000000000000000e+00
1.324000000000000000e+03 0.000000000000000000e+00
1.325000000000000000e+03 0.000000000000000000e+00
1.326000000000000000e+03 0.000000000000000000e+00
1.327000000000000000e+03 0.000000000000000000e+00
1.328000000000000000e+03 0.000000000000000000e+00
1.329000000000000000e+03 0.000000000000000000e+00
1.330000000000000000e+03 0.000000000000000000e+00
1.331000000000000000e+03 0.000000000000000000e+00
1.332000000000000000e+03 0.000000000000000000e+00
1.333000000000000000e+03 0.000000000000000000e+00
1.334000000000000000e+03 0.000000000000000000e+00
1.335000000000000000e+03 0.000000000000000000e+00
1.336000000000000000e+03 0.000000000000000000e+00
1.337000000000000000e+03 0.000000000000000000e+00
1.338000000000000000e+03 0.000000000000000000e+00
1.339000000000000000e+03 0.000000000000000000e+00
1.340000000000000000e+03 0.000000000000000000e+00
1.341000000000000000e+03 0.000000000000000000e+00
1.342000000000000000e+03 0.000000000000000000e+00
1.343000000000000000e+03 0.000000000000000000e+00
1.344000000000000000e+03 0.000000000000000000e+00
1.345000000000000000e+03 0.000000000000000000e+00
1.346000000000000000e+03 0.000000000000000000e+00
1.347000000000000000e+03 0.000000000000000000e+00
1.348000000000000000e+03 0.000000000000000000e+00
1.349000000000000000e+03 0.000000000000000000e+00
1.350000000000000000e+03 0.000000000000000000e+00
1.351000000000000000e+03 0.000000000000000000e+00
1.352000000000000000e+03 0.000000000000000000e+00
1.353000000000000000e+03 0.000000000000000000e+00
1.354000000000000000e+03 0.000000000000000000e+00
1.355000000000000000e+03 0.000000000000000000e+00
1.356000000000000000e+03 0.000000000000000000e+00
1.357000000000000000e+03 0.000000000000000000e+00
1.358000000000000000e+03 0.000000000000000000e+00
1.359000000000000000e+03 0.000000000000000000e+00
1.360000000000000000e+03 0.000000000000000000e+00
1.361000000000000000e+03 0.000000000000000000e+00
1.362000000000000000e+03 0.000000000000000000e+00
1.363000000000000000e+03 0.000000000000000000e+00
1.364000000000000000e+03 0.000000000000000000e+00
1.365000000000000000e+03 0.000000000000000000e+00
1.366000000000000000e+03 0.000000000000000000e+00
1.367000000000000000e+03 0.000000000000000000e+00
1.368000000000000000e+03 0.000000000000000000e+00
1.369000000000000000e+03 0.000000000000000000e+00
1.370000000000000000e+03 0.000000000000000000e+00
1.371000000000000000e+03 0.000000000000000000e+00
1.372000000000000000e+03 0.000000000000000000e+00
1.373000000000000000e+03 0.000000000000000000e+00
1.374000000000000000e+03 0.000000000000000000e+00
1.375000000000000000e+03 0.000000000000000000e+00
1.376000000000000000e+03 0.000000000000000000e+00
1.377000000000000000e+03 0.000000000000000000e+00
1.378000000000000000e+03 0.000000000000000000e+00
1.379000000000000000e+03 0.000000000000000000e+00
1.380000000000000000e+03 0.000000000000000000e+00
1.381000000000000000e+03 0.000000000000000000e+00
1.382000000000000000e+03 0.000000000000000000e+00
1.383000000000000000e+03 0.000000000000000000e+00
1.384000000000000000e+03 0.000000000000000000e+00
1.385000000000000000e+03 0.000000000000000000e+00
1.386000000000000000e+03 0.000000000000000000e+00
1.387000000000000000e+03 0.000000000000000000e+00
1.388000000000000000e+03 0.000000000000000000e+00
1.389000000000000000e+03 0.000000000000000000e+00
1.390000000000000000e+03 0.000000000000000000e+00
1.391000000000000000e+03 0.000000000000000000e+00
1.392000000000000000e+03 0.000000000000000000e+00
1.393000000000000000e+03 0.000000000000000000e+00
1.394000000000000000e+03 0.000000000000000000e+00
1.395000000000000000e+03 0.000000000000000000e+00
1.396000000000000000e+03 0.000000000000000000e+00
1.397000000000000000e+03 0.000000000000000000e+00
1.398000000000000000e+03 0.000000000000000000e+00
1.399000000000000000e+03 0.000000000000000000e+00
1.400000000000000000e+03 0.000000000000000000e+00
1.401000000000000000e+03 0.000000000000000000e+00
1.402000000000000000e+03 0.000000000000000000e+00
1.403000000000000000e+03 0.000000000000000000e+00
1.404000000000000000e+03 0.000000000000000000e+00
1.405000000000000000e+03 0.000000000000000000e+00
1.406000000000000000e+03 0.000000000000000000e+00
1.407000000000000000e+03 0.000000000000000000e+00
1.408000000000000000e+03 0.000000000000000000e+00
1.409000000000000000e+03 0.000000000000000000e+00
1.410000000000000000e+03 0.000000000000000000e+00
1.411000000000000000e+03 0.000000000000000000e+00
1.412000000000000000e+03 0.000000000000000000e+00
1.413000000000000000e+03 0.000000000000000000e+00
1.414000000000000000e+03 0.000000000000000000e+00
1.415000000000000000e+03 0.000000000000000000e+00
1.416000000000000000e+03 0.000000000000000000e+00
1.417000000000000000e+03 0.000000000000000000e+00
1.418000000000000000e+03 0.000000000000000000e+00
1.419000000000000000e+03 0.000000000000000000e+00
1.420000000000000000e+03 0.000000000000000000e+00
1.421000000000000000e+03 0.000000000000000000e+00
1.422000000000000000e+03 0.000000000000000000e+00
1.423000000000000000e+03 0.000000000000000000e+00
1.424000000000000000e+03 0.000000000000000000e+00
1.425000000000000000e+03 0.000000000000000000e+00
1.426000000000000000e+03 0.000000000000000000e+00
1.427000000000000000e+03 0.000000000000000000e+00
1.428000000000000000e+03 0.000000000000000000e+00
1.429000000000000000e+03 0.000000000000000000e+00
1.430000000000000000e+03 0.000000000000000000e+00
1.431000000000000000e+03 0.000000000000000000e+00
1.432000000000000000e+03 0.000000000000000000e+00
1.433000000000000000e+03 0.000000000000000000e+00
1.434000000000000000e+03 0.000000000000000000e+00
1.435000000000000000e+03 0.000000000000000000e+00
1.436000000000000000e+03 0.000000000000000000e+00
1.437000000000000000e+03 0.000000000000000000e+00
1.438000000000000000e+03 0.000000000000000000e+00
1.439000000000000000e+03 0.000000000000000000e+00
1.440000000000000000e+03 0.000000000000000000e+00
1.441000000000000000e+03 0.000000000000000000e+00
1.442000000000000000e+03 0.000000000000000000e+00
1.443000000000000000e+03 0.000000000000000000e+00
1.444000000000000000e+03 0.000000000000000000e+00
1.445000000000000000e+03 0.000000000000000000e+00
1.446000000000000000e+03 0.000000000000000000e+00
1.447000000000000000e+03 0.000000000000000000e+00
1.448000000000000000e+03 0.000000000000000000e+00
1.449000000000000000e+03 0.000000000000000000e+00
1.450000000000000000e+03 0.000000000000000000e+00
1.451000000000000000e+03 0.000000000000000000e+00
1.452000000000000000e+03 0.000000000000000000e+00
1.453000000000000000e+03 0.000000000000000000e+00
1.454000000000000000e+03 0.000000000000000000e+00
1.455000000000000000e+03 0.000000000000000000e+00
1.456000000000000000e+03 0.000000000000000000e+00
1.457000000000000000e+03 0.000000000000000000e+00
1.458000000000000000e+03 0.000000000000000000e+00
1.459000000000000000e+03 0.000000000000000000e+00
1.460000000000000000e+03 0.000000000000000000e+00
1.461000000000000000e+03 0.000000000000000000e+00
1.462000000000000000e+03 0.000000000000000000e+00
1.463000000000000000e+03 0.000000000000000000e+00
1.464000000000000000e+03 0.000000000000000000e+00
1.465000000000000000e+03 0.000000000000000000e+00
1.466000000000000000e+03 0.000000000000000000e+00
1.467000000000000000e+03 0.000000000000000000e+00
1.468000000000000000e+03 0.000000000000000000e+00
1.469000000000000000e+03 0.000000000000000000e+00
1.470000000000000000e+03 0.000000000000000000e+00
1.471000000000000000e+03 0.000000000000000000e+00
1.472000000000000000e+03 0.000000000000000000e+00
1.473000000000000000e+03 0.000000000000000000e+00
1.474000000000000000e+03 0.000000000000000000e+00
1.475000000000000000e+03 0.000000000000000000e+00
1.476000000000000000e+03 0.000000000000000000e+00
1.477000000000000000e+03 0.000000000000000000e+00
1.478000000000000000e+03 0.000000000000000000e+00
1.479000000000000000e+03 0.000000000000000000e+00
1.480000000000000000e+03 0.000000000000000000e+00
1.481000000000000000e+03 0.000000000000000000e+00
1.482000000000000000e+03 0.000000000000000000e+00
1.483000000000000000e+03 0.000000000000000000e+00
1.484000000000000000e+03 0.000000000000000000e+00
1.485000000000000000e+03 0.000000000000000000e+00
1.486000000000000000e+03 0.000000000000000000e+00
1.487000000000000000e+03 0.000000000000000000e+00
1.488000000000000000e+03 0.000000000000000000e+00
1.489000000000000000e+03 0.000000000000000000e+00
1.490000000000000000e+03 0.000000000000000000e+00
1.491000000000000000e+03 0.000000000000000000e+00
1.492000000000000000e+03 0.000000000000000000e+00
1.493000000000000000e+03 0.000000000000000000e+00
1.494000000000000000e+03 0.000000000000000000e+00
1.495000000000000000e+03 0.000000000000000000e+00
1.496000000000000000e+03 0.000000000000000000e+00
1.497000000000000000e+03 0.000000000000000000e+00
1.498000000000000000e+03 0.000000000000000000e+00
1.499000000000000000e+03 0.000000000000000000e+00
1.500000000000000000e+03 0.000000000000000000e+00
