1.010000000000000000e+02 0.000000000000000000e+00
1.020000000000000000e+02 0.000000000000000000e+00
1.030000000000000000e+02 0.000000000000000000e+00
1.040000000000000000e+02 0.000000000000000000e+00
1.050000000000000000e+02 0.000000000000000000e+00
1.060000000000000000e+02 0.000000000000000000e+00
1.070000000000000000e+02 0.000000000000000000e+00
1.080000000000000000e+02 0.000000000000000000e+00
1.090000000000000000e+02 0.000000000000000000e+00
1.100000000000000000e+02 0.000000000000000000e+00
1.110000000000000000e+02 0.000000000000000000e+00
1.120000000000000000e+02 0.000000000000000000e+00
1.130000000000000000e+02 0.000000000000000000e+00
1.140000000000000000e+02 0.000000000000000000e+00
1.150000000000000000e+02 0.000000000000000000e+00
1.160000000000000000e+02 0.000000000000000000e+00
1.170000000000000000e+02 0.000000000000000000e+00
1.180000000000000000e+02 0.000000000000000000e+00
1.190000000000000000e+02 0.000000000000000000e+00
1.200000000000000000e+02 0.000000000000000000e+00
1.210000000000000000e+02 0.000000000000000000e+00
1.220000000000000000e+02 0.000000000000000000e+00
1.230000000000000000e+02 0.000000000000000000e+00
1.240000000000000000e+02 0.000000000000000000e+00
1.250000000000000000e+02 0.000000000000000000e+00
1.260000000000000000e+02 0.000000000000000000e+00
1.270000000000000000e+02 0.000000000000000000e+00
1.280000000000000000e+02 0.000000000000000000e+00
1.290000000000000000e+02 0.000000000000000000e+00
1.300000000000000000e+02 2.408947894628982178e-01
1.310000000000000000e+02 2.663253374118610850e+00
1.320000000000000000e+02 1.018889385106810153e+01
1.330000000000000000e+02 4.330591718730488537e+01
1.340000000000000000e+02 1.126830401513903581e+02
1.350000000000000000e+02 2.159368064509440899e+02
1.360000000000000000e+02 3.342324493880934142e+02
1.370000000000000000e+02 4.442017481957683458e+02
1.380000000000000000e+02 5.460492082762923474e+02
1.390000000000000000e+02 6.424000255963497921e+02
1.400000000000000000e+02 7.232832829116547373e+02
1.410000000000000000e+02 7.839445829081098509e+02
1.420000000000000000e+02 8.503734546981961557e+02
1.430000000000000000e+02 9.320878628707744156e+02
1.440000000000000000e+02 1.023066764571665658e+03
1.450000000000000000e+02 1.119027118440156983e+03
1.460000000000000000e+02 1.222906800663761715e+03
1.470000000000000000e+02 1.334640273179839369e+03
1.480000000000000000e+02 1.466718002696536587e+03
1.490000000000000000e+02 1.630092997303462880e+03
1.500000000000000000e+02 1.835404169052061434e+03
1.510000000000000000e+02 2.072890519601745382e+03
1.520000000000000000e+02 2.386946108276292307e+03
1.530000000000000000e+02 2.776954282099148713e+03
1.540000000000000000e+02 3.205114164281266312e+03
1.550000000000000000e+02 3.625155217797140722e+03
1.560000000000000000e+02 3.816144670192906688e+03
1.570000000000000000e+02 3.626488583575279335e+03
1.580000000000000000e+02 3.069534504667087276e+03
1.590000000000000000e+02 2.353409898361341220e+03
1.600000000000000000e+02 1.725844452094561802e+03
1.610000000000000000e+02 1.248217065339140845e+03
1.620000000000000000e+02 9.163603941091071192e+02
1.630000000000000000e+02 6.908151390087097070e+02
1.640000000000000000e+02 5.357030635552777085e+02
1.650000000000000000e+02 4.218834081518352832e+02
1.660000000000000000e+02 3.299414816673582322e+02
1.670000000000000000e+02 2.557597074673311113e+02
1.680000000000000000e+02 2.008551666666662641e+02
1.690000000000000000e+02 1.666258433222728002e+02
1.700000000000000000e+02 1.384456530180461016e+02
1.710000000000000000e+02 1.098118028375857307e+02
1.720000000000000000e+02 8.876504483824156466e+01
1.730000000000000000e+02 7.096017750674121771e+01
1.740000000000000000e+02 5.366373457373985190e+01
1.750000000000000000e+02 3.746652167980098369e+01
1.760000000000000000e+02 2.446537718937993944e+01
1.770000000000000000e+02 1.454302506741331236e+01
1.780000000000000000e+02 7.424744720240547657e+00
1.790000000000000000e+02 7.678302259489704795e+00
1.800000000000000000e+02 1.303567270068451656e+01
1.810000000000000000e+02 1.280959732476071089e+00
1.820000000000000000e+02 1.096648882596959584e+00
1.830000000000000000e+02 2.976601174237706982e+00
1.840000000000000000e+02 1.110695378967013980e+01
1.850000000000000000e+02 1.551973400539306169e+01
1.860000000000000000e+02 1.324264199751088178e+01
1.870000000000000000e+02 1.785306059738642404e+01
1.880000000000000000e+02 2.606375929682637249e+01
1.890000000000000000e+02 2.556160467952709681e+01
1.900000000000000000e+02 2.261681047293090430e+01
1.910000000000000000e+02 2.140536751711263364e+01
1.920000000000000000e+02 2.158142339763534423e+01
1.930000000000000000e+02 2.137183220908526238e+01
1.940000000000000000e+02 1.976182382908108082e+01
1.950000000000000000e+02 1.683662839867245609e+01
1.960000000000000000e+02 1.530184067620825594e+01
1.970000000000000000e+02 1.320659031238339054e+01
1.980000000000000000e+02 6.525281321858146910e+00
1.990000000000000000e+02 9.905603563576027781e+00
2.000000000000000000e+02 6.026666011200993545e+00
2.010000000000000000e+02 2.098257222106981068e+00
2.020000000000000000e+02 5.889522478531413974e+00
2.030000000000000000e+02 8.719651667911248794e+00
2.040000000000000000e+02 1.222493736361752070e+01
2.050000000000000000e+02 1.498373799419206698e+01
2.060000000000000000e+02 1.686512096453015630e+01
2.070000000000000000e+02 1.964339510889860563e+01
2.080000000000000000e+02 2.290396034640117406e+01
2.090000000000000000e+02 2.636724873470233632e+01
2.100000000000000000e+02 3.145440027380206871e+01
2.110000000000000000e+02 3.894198340385813850e+01
2.120000000000000000e+02 3.952366403443269149e+01
2.130000000000000000e+02 4.002168786395686340e+01
2.140000000000000000e+02 4.582608091267361772e+01
2.150000000000000000e+02 5.440927943372744124e+01
2.160000000000000000e+02 5.250094772708417423e+01
2.170000000000000000e+02 5.047891854801908806e+01
2.180000000000000000e+02 5.722121063679728081e+01
2.190000000000000000e+02 6.733128257154710639e+01
2.200000000000000000e+02 7.115362742377104155e+01
2.210000000000000000e+02 7.587213487865591333e+01
2.220000000000000000e+02 8.365134620696802870e+01
2.230000000000000000e+02 8.934271705247870443e+01
2.240000000000000000e+02 9.149113382700689101e+01
2.250000000000000000e+02 9.602243540759180007e+01
2.260000000000000000e+02 1.018394707114706392e+02
2.270000000000000000e+02 1.088040748807300844e+02
2.280000000000000000e+02 1.175219489732422034e+02
2.290000000000000000e+02 1.282595545115121922e+02
2.300000000000000000e+02 1.383388152872848025e+02
2.310000000000000000e+02 1.458852360506118657e+02
2.320000000000000000e+02 1.559294164696119367e+02
2.330000000000000000e+02 1.711092977598010521e+02
2.340000000000000000e+02 1.884982618415595539e+02
2.350000000000000000e+02 2.038222550923044594e+02
2.360000000000000000e+02 2.153077768720181666e+02
2.370000000000000000e+02 2.314261554334302957e+02
2.380000000000000000e+02 2.611612039203485551e+02
2.390000000000000000e+02 2.799195626840904083e+02
2.400000000000000000e+02 3.023068800456334202e+02
2.410000000000000000e+02 3.304970565442851580e+02
2.420000000000000000e+02 3.584353685127568383e+02
2.430000000000000000e+02 3.771292967019290359e+02
2.440000000000000000e+02 4.078566288736774368e+02
2.450000000000000000e+02 4.444283417963073930e+02
2.460000000000000000e+02 4.802834970130680858e+02
2.470000000000000000e+02 5.173601712507779666e+02
2.480000000000000000e+02 5.688920967848993087e+02
2.490000000000000000e+02 6.208139683675580045e+02
2.500000000000000000e+02 6.811519558390382372e+02
2.510000000000000000e+02 7.531256601824973131e+02
2.520000000000000000e+02 8.293525207218417563e+02
2.530000000000000000e+02 9.155747735324613359e+02
2.540000000000000000e+02 1.018395835338033066e+03
2.550000000000000000e+02 1.138012029247044893e+03
2.560000000000000000e+02 1.274624899813318279e+03
2.570000000000000000e+02 1.436929279402617794e+03
2.580000000000000000e+02 1.629143438498233763e+03
2.590000000000000000e+02 1.856564643849819049e+03
2.600000000000000000e+02 2.124631176104535371e+03
2.610000000000000000e+02 2.436452035469817929e+03
2.620000000000000000e+02 2.795859784899394072e+03
2.630000000000000000e+02 3.210789845260312177e+03
2.640000000000000000e+02 3.639504652976562284e+03
2.650000000000000000e+02 4.045705125077783578e+03
2.660000000000000000e+02 4.433394033181250961e+03
2.670000000000000000e+02 4.820558010993574499e+03
2.680000000000000000e+02 5.177060939224229514e+03
2.690000000000000000e+02 5.521749064703446493e+03
2.700000000000000000e+02 5.893172929060368006e+03
2.710000000000000000e+02 6.249783509230455820e+03
2.720000000000000000e+02 6.630207529655741382e+03
2.730000000000000000e+02 7.041203688446369597e+03
2.740000000000000000e+02 7.495155797137535046e+03
2.750000000000000000e+02 8.011719632310241650e+03
2.760000000000000000e+02 8.556176129018866050e+03
2.770000000000000000e+02 9.170856805849392913e+03
2.780000000000000000e+02 9.843550007882178761e+03
2.790000000000000000e+02 1.053829123833228914e+04
2.800000000000000000e+02 1.119785891723707937e+04
2.810000000000000000e+02 1.167430997096038300e+04
2.820000000000000000e+02 1.179155023646546397e+04
2.830000000000000000e+02 1.143703525202240598e+04
2.840000000000000000e+02 1.057576010578716705e+04
2.850000000000000000e+02 9.289409242065950821e+03
2.860000000000000000e+02 7.822233494710638297e+03
2.870000000000000000e+02 6.402411007467301715e+03
2.880000000000000000e+02 5.175308598008693480e+03
2.890000000000000000e+02 4.186151196847117717e+03
2.900000000000000000e+02 3.406279502177990707e+03
2.910000000000000000e+02 2.793625563368581879e+03
2.920000000000000000e+02 2.315316505184563539e+03
2.930000000000000000e+02 1.939597868077168187e+03
2.940000000000000000e+02 1.638353683675592038e+03
2.950000000000000000e+02 1.399685813770224286e+03
2.960000000000000000e+02 1.208117613565651936e+03
2.970000000000000000e+02 1.046410211574364439e+03
2.980000000000000000e+02 9.073167801327259667e+02
2.990000000000000000e+02 8.066061675585978037e+02
3.000000000000000000e+02 7.142431355527903634e+02
3.010000000000000000e+02 6.341551573620899944e+02
3.020000000000000000e+02 5.667703797137517086e+02
3.030000000000000000e+02 4.985092887160338364e+02
3.040000000000000000e+02 4.565309635628362344e+02
3.050000000000000000e+02 4.144488421281884030e+02
3.060000000000000000e+02 3.709730034225260056e+02
3.070000000000000000e+02 3.344124029869329888e+02
3.080000000000000000e+02 3.036507063472300274e+02
3.090000000000000000e+02 2.693446060141016574e+02
3.100000000000000000e+02 2.450299466708154341e+02
3.110000000000000000e+02 2.259962331051654871e+02
3.120000000000000000e+02 2.003150533084421738e+02
3.130000000000000000e+02 1.811045294690999015e+02
3.140000000000000000e+02 1.649252926156401315e+02
3.150000000000000000e+02 1.489645068450532222e+02
3.160000000000000000e+02 1.341474119037744401e+02
3.170000000000000000e+02 1.230667432068036362e+02
3.180000000000000000e+02 1.100273122381250062e+02
3.190000000000000000e+02 9.808484107239152650e+01
3.200000000000000000e+02 8.861151826384565311e+01
3.210000000000000000e+02 8.100180561086914111e+01
3.220000000000000000e+02 7.309200606513157084e+01
3.230000000000000000e+02 6.516796521053711899e+01
3.240000000000000000e+02 5.325546274424384308e+01
3.250000000000000000e+02 4.374703196639695335e+01
3.260000000000000000e+02 4.086039963700467581e+01
3.270000000000000000e+02 3.394588737191441652e+01
3.280000000000000000e+02 2.283230578303280822e+01
3.290000000000000000e+02 2.252299484754173164e+01
3.300000000000000000e+02 2.473826531839858944e+01
3.310000000000000000e+02 1.471673358224446027e+01
3.320000000000000000e+02 1.333776029247044193e+01
3.330000000000000000e+02 1.325513014931564548e+01
3.340000000000000000e+02 1.253175751088986445e+01
3.350000000000000000e+02 1.020571769280236474e+01
3.360000000000000000e+02 6.565971353380355424e+00
3.370000000000000000e+02 6.296792733457781566e+00
3.380000000000000000e+02 2.315700755444927150e+00
3.390000000000000000e+02 4.115796116963899465e+00
3.400000000000000000e+02 1.574842626011178970e+00
3.410000000000000000e+02 8.464234646338857360e-01
3.420000000000000000e+02 1.495547866030745521e+00
3.430000000000000000e+02 6.073775108897934150e-01
3.440000000000000000e+02 3.569567685127642775e+00
3.450000000000000000e+02 7.617970467440830618e+00
3.460000000000000000e+02 8.576999848786586611e+00
3.470000000000000000e+02 6.562092348475369263e+00
3.480000000000000000e+02 5.321630601120101112e+00
3.490000000000000000e+02 5.136058774320686027e+00
3.500000000000000000e+02 3.679557667703904578e+00
3.510000000000000000e+02 8.350035882596940073e-01
3.520000000000000000e+02 3.510796322339697628e+00
3.530000000000000000e+02 6.285978637004784986e+00
3.540000000000000000e+02 2.615335409251158261e+00
3.550000000000000000e+02 7.827619076955003585e-01
3.560000000000000000e+02 9.715547347853076943e+00
3.570000000000000000e+02 6.281395617921475605e+00
3.580000000000000000e+02 2.405216455922004393e+00
3.590000000000000000e+02 3.703391597262549073e+00
3.600000000000000000e+02 4.131127237502582261e+00
3.610000000000000000e+02 3.390265706284981473e+00
3.620000000000000000e+02 1.554236138116958710e+00
3.630000000000000000e+02 2.380409909147390923e+00
3.640000000000000000e+02 3.947891947936054358e+00
3.650000000000000000e+02 9.835176661136285636e-01
3.660000000000000000e+02 1.987687056627229776e+00
3.670000000000000000e+02 1.258851323584278425e+00
3.680000000000000000e+02 2.652833592700133636e+00
3.690000000000000000e+02 9.502237485998942246e-01
3.700000000000000000e+02 1.416047362165500090e+00
3.710000000000000000e+02 1.939270572376606605e+00
3.720000000000000000e+02 1.391850985895042525e+00
3.730000000000000000e+02 1.169896009541580906e+00
3.740000000000000000e+02 4.602789559427460375e+00
3.750000000000000000e+02 8.015608464841333713e+00
3.760000000000000000e+02 8.618162744866211256e+00
3.770000000000000000e+02 9.522431357602155089e+00
3.780000000000000000e+02 7.844798928852838138e+00
3.790000000000000000e+02 4.023328848786545286e+00
3.800000000000000000e+02 4.573802587015144638e+00
3.810000000000000000e+02 3.919454893175662757e+00
3.820000000000000000e+02 4.353951320058107477e+00
3.830000000000000000e+02 3.426538974486579736e+00
3.840000000000000000e+02 6.345466272557962473e-01
3.850000000000000000e+02 9.808691777639210185e-01
3.860000000000000000e+02 3.825099926586516652e+00
3.870000000000000000e+02 4.384672331051658212e+00
3.880000000000000000e+02 5.299625664592349850e+00
3.890000000000000000e+02 6.573354677312399197e+00
3.900000000000000000e+02 1.538001188757535775e+00
3.910000000000000000e+02 2.403657334577962434e-01
3.920000000000000000e+02 3.978420398589772589e+00
3.930000000000000000e+02 9.242672833851914405e+00
3.940000000000000000e+02 9.756848390997722831e+00
3.950000000000000000e+02 4.326184089174566871e+00
3.960000000000000000e+02 4.633001023439145882e+00
3.970000000000000000e+02 5.437288011823273592e+00
3.980000000000000000e+02 7.494892171713075868e+00
3.990000000000000000e+02 1.054938879527072970e+01
4.000000000000000000e+02 6.390070284173446247e+00
4.010000000000000000e+02 1.146743855631603992e+01
4.020000000000000000e+02 1.018308134411955557e+01
4.030000000000000000e+02 8.729166247666636735e+00
4.040000000000000000e+02 1.342210082970337659e+01
4.050000000000000000e+02 1.215222456129436956e+01
4.060000000000000000e+02 1.044420143123834954e+01
4.070000000000000000e+02 1.238042803982574469e+01
4.080000000000000000e+02 1.469500541588881504e+01
4.090000000000000000e+02 1.392493736984030406e+01
4.100000000000000000e+02 1.215684503215100065e+01
4.110000000000000000e+02 1.433953452395768302e+01
4.120000000000000000e+02 1.621110567309685990e+01
4.130000000000000000e+02 1.612545056627253359e+01
4.140000000000000000e+02 1.380335160547601525e+01
4.150000000000000000e+02 1.093122725425133268e+01
4.160000000000000000e+02 9.511280397013095467e+00
4.170000000000000000e+02 1.608176874507379850e+01
4.180000000000000000e+02 1.800103651596848664e+01
4.190000000000000000e+02 1.035325818502399819e+01
4.200000000000000000e+02 8.335656815183625667e+00
4.210000000000000000e+02 1.671367054334301372e+01
4.220000000000000000e+02 1.649942214893185266e+01
4.230000000000000000e+02 1.399193210122379050e+01
4.240000000000000000e+02 1.390957752384903756e+01
4.250000000000000000e+02 9.221155402613593566e+00
4.260000000000000000e+02 1.267013909977176311e+01
4.270000000000000000e+02 1.555270513171541857e+01
4.280000000000000000e+02 1.600027453018045875e+01
4.290000000000000000e+02 1.490142509645302482e+01
4.300000000000000000e+02 1.416347652769136012e+01
4.310000000000000000e+02 1.615703638664179920e+01
4.320000000000000000e+02 1.804038236672889894e+01
4.330000000000000000e+02 1.837315314042728787e+01
4.340000000000000000e+02 1.587917378967010684e+01
4.350000000000000000e+02 1.028257397552369667e+01
4.360000000000000000e+02 8.431224996681876860e+00
4.370000000000000000e+02 1.136873618626847815e+01
4.380000000000000000e+02 1.638811533291859490e+01
4.390000000000000000e+02 1.941469114682702468e+01
4.400000000000000000e+02 1.816766998340595407e+01
4.410000000000000000e+02 1.709554554034436080e+01
4.420000000000000000e+02 1.542535231694670550e+01
4.430000000000000000e+02 1.373978174859989210e+01
4.440000000000000000e+02 1.342804860817254564e+01
4.450000000000000000e+02 1.437627560464633802e+01
4.460000000000000000e+02 1.274752172993155419e+01
4.470000000000000000e+02 1.406214471686370260e+01
4.480000000000000000e+02 1.318891195395142901e+01
4.490000000000000000e+02 1.091542336652146439e+01
4.500000000000000000e+02 1.051669030491599344e+01
4.510000000000000000e+02 9.377723227131294692e+00
4.520000000000000000e+02 1.273247774113260533e+01
4.530000000000000000e+02 1.296474371707113526e+01
4.540000000000000000e+02 1.106196284380832751e+01
4.550000000000000000e+02 9.219653054552876981e+00
4.560000000000000000e+02 4.040136261509726268e+00
4.570000000000000000e+02 4.016743586807655753e+00
4.580000000000000000e+02 9.107959136071173134e+00
4.590000000000000000e+02 1.172757555785978312e+01
4.600000000000000000e+02 8.255077330221999077e+00
4.610000000000000000e+02 5.085763489110163960e+00
4.620000000000000000e+02 6.505139123600150342e+00
4.630000000000000000e+02 7.665137879900433937e+00
4.640000000000000000e+02 8.283739125285201510e+00
4.650000000000000000e+02 8.542562194939856468e+00
4.660000000000000000e+02 7.474120228998128113e+00
4.670000000000000000e+02 6.740633861232110391e+00
4.680000000000000000e+02 5.514411451358618876e+00
4.690000000000000000e+02 4.598975105164899269e+00
4.700000000000000000e+02 5.527551054760454718e+00
4.710000000000000000e+02 8.729512535158658437e+00
4.720000000000000000e+02 9.586932700062192225e+00
4.730000000000000000e+02 5.327494815183488441e+00
4.740000000000000000e+02 5.055846357809491209e+00
4.750000000000000000e+02 5.210747252644788219e+00
4.760000000000000000e+02 1.181974605268571121e+00
4.770000000000000000e+02 3.003115796515205105e+00
4.780000000000000000e+02 9.801732401991161581e+00
4.790000000000000000e+02 7.503545029247191245e+00
4.800000000000000000e+02 3.770211634100811615e+00
4.810000000000000000e+02 5.459837959966801435e+00
4.820000000000000000e+02 6.632737485690575419e+00
4.830000000000000000e+02 7.666105985272775314e+00
4.840000000000000000e+02 1.091215533291848416e+01
4.850000000000000000e+02 1.324403022189962975e+01
4.860000000000000000e+02 1.137372279112208417e+01
4.870000000000000000e+02 6.188965937357370883e+00
4.880000000000000000e+02 7.345469104935721916e+00
4.890000000000000000e+02 3.614569208462845573e+00
4.900000000000000000e+02 3.045070560672120230e+00
4.910000000000000000e+02 5.525203063873892262e+00
4.920000000000000000e+02 6.122651365276889912e+00
4.930000000000000000e+02 7.397948394523967686e+00
4.940000000000000000e+02 3.049808823895174825e-01
4.950000000000000000e+02 4.111691147064014951e-01
4.960000000000000000e+02 3.992799186268406242e+00
4.970000000000000000e+02 4.220909971375220060e+00
4.980000000000000000e+02 5.104101248911016242e+00
4.990000000000000000e+02 4.465536970545533002e+00
5.000000000000000000e+02 6.357926595312116014e+00
5.010000000000000000e+02 9.191769978012862552e+00
5.020000000000000000e+02 9.446750466708163430e+00
5.030000000000000000e+02 7.026132859572715716e+00
5.040000000000000000e+02 9.337495293507592109e+00
5.050000000000000000e+02 8.059532992117805605e+00
5.060000000000000000e+02 5.998280879278159894e+00
5.070000000000000000e+02 4.274777954573705685e+00
5.080000000000000000e+02 2.936330959344554348e+00
5.090000000000000000e+02 4.565154610535048008e+00
5.100000000000000000e+02 3.968306476664603455e+00
5.110000000000000000e+02 6.392732143123925681e+00
5.120000000000000000e+02 7.808780467440841200e+00
5.130000000000000000e+02 6.711352478324005943e+00
5.140000000000000000e+02 8.108199602861864363e+00
5.150000000000000000e+02 4.262648919103804168e+00
5.160000000000000000e+02 3.104490524579980537e+00
5.170000000000000000e+02 4.942887052260356739e+00
5.180000000000000000e+02 5.440903064302087699e+00
5.190000000000000000e+02 3.165256388715962821e+00
5.200000000000000000e+02 5.334657514931480549e+00
5.210000000000000000e+02 4.877698816428184259e+00
5.220000000000000000e+02 3.437933086911484803e+00
5.230000000000000000e+02 2.592926041900024181e+00
5.240000000000000000e+02 3.601610865795398908e+00
5.250000000000000000e+02 6.809696288114464480e+00
5.260000000000000000e+02 6.312048229460613058e+00
5.270000000000000000e+02 1.767617283758586177e+00
5.280000000000000000e+02 2.255186282928838271e+00
5.290000000000000000e+02 6.741384662725579346e+00
5.300000000000000000e+02 5.402586867869725751e+00
5.310000000000000000e+02 1.211550202883231186e+01
5.320000000000000000e+02 9.397327549885812203e+00
5.330000000000000000e+02 1.561521822650753677e+00
5.340000000000000000e+02 2.080130603611694551e-01
5.350000000000000000e+02 5.590854267164536040e+00
5.360000000000000000e+02 5.492578031936833582e+00
5.370000000000000000e+02 1.085209445758252400e+00
5.380000000000000000e+02 1.267257931549627292e+00
5.390000000000000000e+02 3.244801537743570385e+00
5.400000000000000000e+02 1.540755619995806125e+00
5.410000000000000000e+02 2.782787256793179509e+00
5.420000000000000000e+02 6.556253114889690758e-01
5.430000000000000000e+02 2.300314428126911892e+00
5.440000000000000000e+02 6.184551179630738638e+00
5.450000000000000000e+02 5.979309585026927110e+00
5.460000000000000000e+02 1.864994260941679638e+00
5.470000000000000000e+02 1.906992838207849150e+00
5.480000000000000000e+02 4.808291232731840559e+00
5.490000000000000000e+02 4.696413507985869984e+00
5.500000000000000000e+02 3.828458631611697083e+00
5.510000000000000000e+02 4.128323423771048439e+00
5.520000000000000000e+02 4.381900442439280674e+00
5.530000000000000000e+02 6.212487585536068391e-01
5.540000000000000000e+02 1.296415870773746537e+00
5.550000000000000000e+02 2.817995064509448255e+00
5.560000000000000000e+02 4.338770571873060256e+00
5.570000000000000000e+02 3.743884175482329546e+00
5.580000000000000000e+02 1.070577239548247128e+00
5.590000000000000000e+02 3.165553616262177350e+00
5.600000000000000000e+02 5.977830091267066770e-01
5.610000000000000000e+02 2.510567081519757271e-02
5.620000000000000000e+02 3.488251608668590631e+00
5.630000000000000000e+02 5.416587872847935969e+00
5.640000000000000000e+02 2.992466232524372494e+00
5.650000000000000000e+02 1.061443881377022835e+00
5.660000000000000000e+02 2.743641805849425630e+00
5.670000000000000000e+02 2.318857543663159326e+00
5.680000000000000000e+02 9.180842090418901424e-01
5.690000000000000000e+02 4.736672654221118606e+00
5.700000000000000000e+02 3.494510619166170784e+00
5.710000000000000000e+02 1.690544379925346119e+00
5.720000000000000000e+02 1.155564003733672074e+00
5.730000000000000000e+02 2.397392677245347770e+00
5.740000000000000000e+02 4.062827315636668324e+00
5.750000000000000000e+02 3.703675181705039510e+00
5.760000000000000000e+02 4.857490652769133277e+00
5.770000000000000000e+02 4.752693378344742037e+00
5.780000000000000000e+02 3.366956019498047237e+00
5.790000000000000000e+02 3.424171377100250879e+00
5.800000000000000000e+02 6.000106074673300149e+00
5.810000000000000000e+02 5.407343147687234897e+00
5.820000000000000000e+02 1.821595553412239443e+00
5.830000000000000000e+02 1.511590342252628449e+00
5.840000000000000000e+02 3.384443969508369232e+00
5.850000000000000000e+02 4.233482872640533579e+00
5.860000000000000000e+02 3.765745884878656913e+00
5.870000000000000000e+02 5.596922160132710822e+00
5.880000000000000000e+02 5.857158842803803722e+00
5.890000000000000000e+02 6.997681609831976068e+00
5.900000000000000000e+02 7.693647076332714718e+00
5.910000000000000000e+02 7.148413112401510006e+00
5.920000000000000000e+02 6.002510715619125747e+00
5.930000000000000000e+02 2.568724864343484349e+00
5.940000000000000000e+02 5.121343344119418717e+00
5.950000000000000000e+02 3.011776718730736491e+00
5.960000000000000000e+02 6.114429491806461225e-01
5.970000000000000000e+02 1.975814369425371364e+00
5.980000000000000000e+02 4.976715177971301252e+00
5.990000000000000000e+02 6.663965003733608228e+00
6.000000000000000000e+02 9.142233243932734510e+00
6.010000000000000000e+02 7.761856683675716795e+00
6.020000000000000000e+02 5.462002879303114788e+00
6.030000000000000000e+02 7.273244238332285505e+00
6.040000000000000000e+02 7.492000452603215344e+00
6.050000000000000000e+02 5.008386115927008220e+00
6.060000000000000000e+02 6.797286438705699041e+00
6.070000000000000000e+02 9.091209186683260057e+00
6.080000000000000000e+02 9.765051722936469503e+00
6.090000000000000000e+02 1.091485460485374404e+01
6.100000000000000000e+02 8.646992180460403077e+00
6.110000000000000000e+02 6.143148633347236043e+00
6.120000000000000000e+02 2.694440523957837286e+00
6.130000000000000000e+02 1.147272203111293187e+01
6.140000000000000000e+02 2.379832673164644063e+01
6.150000000000000000e+02 1.418015381871010305e+01
6.160000000000000000e+02 8.464311805849444426e+00
6.170000000000000000e+02 9.991035606720569007e+00
6.180000000000000000e+02 9.373207989006491658e+00
6.190000000000000000e+02 7.444538292263018775e+00
6.200000000000000000e+02 8.385392905206396463e+00
6.210000000000000000e+02 1.101549616054760783e+01
6.220000000000000000e+02 1.172798903546981997e+01
6.230000000000000000e+02 8.585752260111915390e+00
6.240000000000000000e+02 6.876905844638041998e+00
6.250000000000000000e+02 7.156946415059126210e+00
6.260000000000000000e+02 7.523647191039216864e+00
6.270000000000000000e+02 7.563452577058692228e+00
6.280000000000000000e+02 6.686292036299482433e+00
6.290000000000000000e+02 6.768487459655671223e+00
6.300000000000000000e+02 6.685366937150006628e+00
6.310000000000000000e+02 4.490238005391748111e+00
6.320000000000000000e+02 1.252328970960393750e+00
6.330000000000000000e+02 1.730057059738598246e+00
6.340000000000000000e+02 3.433182132724997171e+00
6.350000000000000000e+02 1.558640549471074666e+00
6.360000000000000000e+02 9.341029954366240062e-01
6.370000000000000000e+02 2.854585400248886629e+00
6.380000000000000000e+02 3.468533791122143661e+00
6.390000000000000000e+02 3.875869950217816773e-01
6.400000000000000000e+02 3.713179628162774470e+00
6.410000000000000000e+02 4.080595211159449676e+00
6.420000000000000000e+02 7.553811991289886008e-01
6.430000000000000000e+02 1.557868871810897726e+00
6.440000000000000000e+02 4.032828753577946124e+00
6.450000000000000000e+02 5.241351319228988448e-01
6.460000000000000000e+02 1.987464734080070405e+00
6.470000000000000000e+02 6.513850864964670917e-01
6.480000000000000000e+02 2.719631865588065800e+00
6.490000000000000000e+02 1.805478567517138533e+00
6.500000000000000000e+02 1.433978904564336687e-01
6.510000000000000000e+02 1.321847803775138441e+00
6.520000000000000000e+02 1.592824261356562188e+00
6.530000000000000000e+02 3.889600790085057547e+00
6.540000000000000000e+02 1.566442698402773726e+00
6.550000000000000000e+02 1.385835361750680450e+00
6.560000000000000000e+02 5.161010771464156210e-01
6.570000000000000000e+02 1.220646179838171141e+00
6.580000000000000000e+02 3.091736551130495503e+00
6.590000000000000000e+02 6.319812328494402998e+00
6.600000000000000000e+02 3.928901718730484660e+00
6.610000000000000000e+02 2.121255350342260204e+00
6.620000000000000000e+02 3.487712149315624011e+00
6.630000000000000000e+02 7.418179724123666885e-01
6.640000000000000000e+02 1.352055111802531018e+00
6.650000000000000000e+02 1.539363158440506973e+00
6.660000000000000000e+02 3.569192537647794428e+00
6.670000000000000000e+02 3.233742042522304239e+00
6.680000000000000000e+02 1.496791187888825814e+00
6.690000000000000000e+02 7.899605287284788835e-01
6.700000000000000000e+02 9.661537149969068317e-02
6.710000000000000000e+02 2.229205696950846693e+00
6.720000000000000000e+02 1.946357644264680831e+00
6.730000000000000000e+02 2.989527130678227174e+00
6.740000000000000000e+02 5.498155239991701748e+00
6.750000000000000000e+02 3.747940940883654370e+00
6.760000000000000000e+02 2.054095115328761434e+00
6.770000000000000000e+02 8.486635145405504232e+00
6.780000000000000000e+02 8.692331962248550425e+00
6.790000000000000000e+02 6.177977827006872147e+00
6.800000000000000000e+02 8.434473761667675262e+00
6.810000000000000000e+02 1.412683963285619981e+01
6.820000000000000000e+02 1.243139629537446389e+01
6.830000000000000000e+02 1.305671858328147650e+01
6.840000000000000000e+02 1.255364547604231440e+01
6.850000000000000000e+02 1.534224402737438631e+01
6.860000000000000000e+02 1.985784778261770356e+01
6.870000000000000000e+02 2.271233064509451793e+01
6.880000000000000000e+02 3.101754559726242988e+01
6.890000000000000000e+02 3.148927927815803685e+01
6.900000000000000000e+02 3.772026546567074945e+01
6.910000000000000000e+02 4.619628937370369925e+01
6.920000000000000000e+02 5.620679453847723295e+01
6.930000000000000000e+02 7.215767993154889837e+01
6.940000000000000000e+02 9.643993201990822683e+01
6.950000000000000000e+02 1.306343481850228159e+02
6.960000000000000000e+02 1.919190867454855720e+02
6.970000000000000000e+02 2.951539163244128190e+02
6.980000000000000000e+02 4.328005309271918577e+02
6.990000000000000000e+02 5.671085210329796382e+02
7.000000000000000000e+02 6.467031572702765061e+02
7.010000000000000000e+02 6.963972622692393770e+02
7.020000000000000000e+02 7.536753161169888244e+02
7.030000000000000000e+02 8.241558953951440571e+02
7.040000000000000000e+02 9.087038321924941329e+02
7.050000000000000000e+02 1.014497692200791789e+03
7.060000000000000000e+02 1.159775798382072935e+03
7.070000000000000000e+02 1.372070145612932947e+03
7.080000000000000000e+02 1.701424997096019752e+03
7.090000000000000000e+02 2.098174368803137895e+03
7.100000000000000000e+02 2.493766930304900598e+03
7.110000000000000000e+02 2.904407979883849293e+03
7.120000000000000000e+02 3.385596776602354566e+03
7.130000000000000000e+02 3.865296119684709993e+03
7.140000000000000000e+02 3.750227868519291405e+03
7.150000000000000000e+02 2.801171113254505599e+03
7.160000000000000000e+02 1.711091359676411912e+03
7.170000000000000000e+02 9.539705591870504122e+02
7.180000000000000000e+02 5.674573680356694467e+02
7.190000000000000000e+02 3.651591457166523469e+02
7.200000000000000000e+02 2.574700834093777644e+02
7.210000000000000000e+02 1.965211271312981296e+02
7.220000000000000000e+02 1.513769356979859708e+02
7.230000000000000000e+02 1.178255202032784013e+02
7.240000000000000000e+02 9.573844922630225085e+01
7.250000000000000000e+02 8.089248047915444317e+01
7.260000000000000000e+02 6.642219930927214477e+01
7.270000000000000000e+02 5.929834689898378031e+01
7.280000000000000000e+02 5.062721427919542094e+01
7.290000000000000000e+02 4.351157587429994322e+01
7.300000000000000000e+02 3.685851138767892365e+01
7.310000000000000000e+02 3.052858052686165635e+01
7.320000000000000000e+02 2.858624347230859897e+01
7.330000000000000000e+02 2.426503100808951885e+01
7.340000000000000000e+02 2.041178901680143554e+01
7.350000000000000000e+02 1.913894670815182408e+01
7.360000000000000000e+02 2.085061440779932695e+01
7.370000000000000000e+02 1.984109400663597356e+01
7.380000000000000000e+02 1.278845950425207612e+01
7.390000000000000000e+02 1.044650504169251981e+01
7.400000000000000000e+02 8.726363590833646100e+00
7.410000000000000000e+02 8.595687091889617548e+00
7.420000000000000000e+02 1.240076180460468613e+01
7.430000000000000000e+02 1.105777402820365651e+01
7.440000000000000000e+02 6.216296693839430176e+00
7.450000000000000000e+02 1.082061289566478912e+01
7.460000000000000000e+02 6.953814648900830342e+00
7.470000000000000000e+02 4.787464851068228278e+00
7.480000000000000000e+02 3.066680779091450759e+00
7.490000000000000000e+02 3.954121082123704056e+00
7.500000000000000000e+02 5.075112118440072706e+00
7.510000000000000000e+02 2.477462967641508751e+00
7.520000000000000000e+02 3.329255492636275515e-01
7.530000000000000000e+02 3.032729184816208012e-01
7.540000000000000000e+02 1.228375608380039008e+00
7.550000000000000000e+02 2.576873976560859258e+00
7.560000000000000000e+02 1.793568209292626392e+00
7.570000000000000000e+02 1.682120443384578667e+00
7.580000000000000000e+02 4.282915566272542662e+00
7.590000000000000000e+02 2.956185306160586723e+00
7.600000000000000000e+02 2.049910577353934560e+00
7.610000000000000000e+02 1.787810368180851706e+00
7.620000000000000000e+02 1.683920721841966728e+00
7.630000000000000000e+02 4.002280119867316799e+00
7.640000000000000000e+02 5.053770102053563029e+00
7.650000000000000000e+02 6.821813962870773906e+00
7.660000000000000000e+02 6.247921961003896740e+00
7.670000000000000000e+02 4.124822698195367288e+00
7.680000000000000000e+02 3.869021350342259247e+00
7.690000000000000000e+02 4.477983554034442371e+00
7.700000000000000000e+02 4.121026525409648755e+00
7.710000000000000000e+02 2.837037221530796849e+00
7.720000000000000000e+02 3.188115248910959654e+00
7.730000000000000000e+02 9.322697001037294484e+00
7.740000000000000000e+02 9.391976011823272685e+00
7.750000000000000000e+02 7.703441779091485309e+00
7.760000000000000000e+02 5.256115836755921755e+00
7.770000000000000000e+02 3.177181914540551322e+00
7.780000000000000000e+02 3.649280149761461978e+00
7.790000000000000000e+02 3.671171308585507109e+00
7.800000000000000000e+02 1.227869253266954530e+01
7.810000000000000000e+02 8.270419327940087939e+00
7.820000000000000000e+02 3.658368237245972043e+00
7.830000000000000000e+02 1.612928651109776013e+00
7.840000000000000000e+02 2.058869831362705849e+00
7.850000000000000000e+02 8.153821046661107630e+00
7.860000000000000000e+02 3.995203124248154047e+00
7.870000000000000000e+02 1.971262892968282943e+00
7.880000000000000000e+02 1.217336629199508247e+00
7.890000000000000000e+02 5.726509121966248728e+00
7.900000000000000000e+02 7.568931846919790374e+00
7.910000000000000000e+02 2.657654527276517520e+00
7.920000000000000000e+02 1.086418404687803596e+00
7.930000000000000000e+02 4.427270964530162445e+00
7.940000000000000000e+02 5.302648487865587512e+00
7.950000000000000000e+02 5.326110419829909404e+00
7.960000000000000000e+02 4.437184109313403013e+00
7.970000000000000000e+02 5.056117794440912583e+00
7.980000000000000000e+02 7.481997064716836121e+00
7.990000000000000000e+02 7.191389660236439774e+00
8.000000000000000000e+02 5.886808434349800834e+00
8.010000000000000000e+02 2.179784063057407906e+00
8.020000000000000000e+02 4.083115214688057826e-01
8.030000000000000000e+02 3.045919968886070972e+00
8.040000000000000000e+02 1.657565412395890281e+00
8.050000000000000000e+02 5.080801617585102292e-01
8.060000000000000000e+02 3.877550625388888061e+00
8.070000000000000000e+02 5.500807710018679408e+00
8.080000000000000000e+02 3.029242837826646717e+00
8.090000000000000000e+02 1.472683542211156604e+00
8.100000000000000000e+02 1.926660855631619818e+00
8.110000000000000000e+02 1.743054228950608131e+00
8.120000000000000000e+02 8.645944044804242390e-01
8.130000000000000000e+02 1.669400049782198581e+00
8.140000000000000000e+02 1.383381699087422589e+00
8.150000000000000000e+02 3.988437438292036230e-01
8.160000000000000000e+02 8.082027179216495938e+00
8.170000000000000000e+02 9.358577747822605986e+00
8.180000000000000000e+02 3.406134583281664963e+00
8.190000000000000000e+02 2.292044976145836688e-01
8.200000000000000000e+02 6.452870520638558371e-01
8.210000000000000000e+02 2.927200912258876908e+00
8.220000000000000000e+02 1.735080260111930617e+00
8.230000000000000000e+02 1.149506967226708642e+00
8.240000000000000000e+02 4.617259330844236231e+00
8.250000000000000000e+02 6.361377162414435738e+00
8.260000000000000000e+02 1.911937471686362189e+00
8.270000000000000000e+02 3.607122172370916591e+00
8.280000000000000000e+02 3.876819986724736378e+00
8.290000000000000000e+02 1.857496140219764724e+00
8.300000000000000000e+02 5.708347131300477439e-01
8.310000000000000000e+02 1.183644317503272037e+00
8.320000000000000000e+02 5.031510528728354359e+00
8.330000000000000000e+02 5.182137982576001001e+00
8.340000000000000000e+02 7.447269456656455677e-01
8.350000000000000000e+02 6.021176932171489193e-01
8.360000000000000000e+02 5.017629153909910045e+00
8.370000000000000000e+02 1.994247474906766460e+00
8.380000000000000000e+02 5.778189031321225855e-01
8.390000000000000000e+02 1.540965696328562062e+00
8.400000000000000000e+02 1.463720774367481603e+00
8.410000000000000000e+02 1.765074937979682179e+00
8.420000000000000000e+02 2.923764938601973729e+00
8.430000000000000000e+02 5.627269903152310349e+00
8.440000000000000000e+02 5.489894695706247774e+00
8.450000000000000000e+02 4.548901409458599332e+00
8.460000000000000000e+02 4.178846875337071332e+00
8.470000000000000000e+02 4.267717213026343437e+00
8.480000000000000000e+02 3.481153929060269547e+00
8.490000000000000000e+02 1.798275561916498511e+00
8.500000000000000000e+02 7.462811028002389158e+00
8.510000000000000000e+02 4.973917062435083913e+00
8.520000000000000000e+02 2.133162336444735629e+00
8.530000000000000000e+02 5.919198736776773995e-01
8.540000000000000000e+02 6.027801499688696385e-01
8.550000000000000000e+02 3.507148803360345291e+00
8.560000000000000000e+02 6.766772113461954952e+00
8.570000000000000000e+02 2.414984520846269689e+00
8.580000000000000000e+02 7.181920779091452545e+00
8.590000000000000000e+02 2.387316331881275122e+00
8.600000000000000000e+02 3.341460989008807392e+00
8.610000000000000000e+02 8.886399032358488270e+00
8.620000000000000000e+02 7.166499865587908857e+00
8.630000000000000000e+02 3.601442073828449164e-01
8.640000000000000000e+02 7.353253988799450802e-01
8.650000000000000000e+02 3.164698232316963011e+00
8.660000000000000000e+02 2.962529969929485141e+00
8.670000000000000000e+02 8.925395747977439953e+00
8.680000000000000000e+02 1.080282690105785015e+01
8.690000000000000000e+02 6.858382951887120882e+00
8.700000000000000000e+02 6.260706566065136869e+00
8.710000000000000000e+02 9.772462532669559110e+00
8.720000000000000000e+02 5.070496186060917232e+00
8.730000000000000000e+02 2.557938314665005208e+00
8.740000000000000000e+02 3.185493621032978950e+00
8.750000000000000000e+02 3.972475320680357580e+00
8.760000000000000000e+02 3.439301694461724512e+00
8.770000000000000000e+02 2.914969297033807027e+00
8.780000000000000000e+02 3.809736240406563557e+00
8.790000000000000000e+02 4.883071353661067704e+00
8.800000000000000000e+02 7.435178439327919442e+00
8.810000000000000000e+02 7.881693176104539234e+00
8.820000000000000000e+02 6.502744572287912916e+00
8.830000000000000000e+02 4.444262131715442266e+00
8.840000000000000000e+02 3.218162172370878427e+00
8.850000000000000000e+02 4.220566133789660945e+00
8.860000000000000000e+02 6.794176245956041527e+00
8.870000000000000000e+02 6.218870762704829858e+00
8.880000000000000000e+02 8.392517674133983974e+00
8.890000000000000000e+02 7.273203075279993435e+00
8.900000000000000000e+02 6.554384444928433417e+00
8.910000000000000000e+02 8.128151391205102883e+00
8.920000000000000000e+02 1.022138525466609771e+01
8.930000000000000000e+02 9.192330484339390040e+00
8.940000000000000000e+02 4.336548787181128795e+00
8.950000000000000000e+02 6.252700597884672362e+00
8.960000000000000000e+02 4.584454976975765206e+00
8.970000000000000000e+02 4.326694740302822417e+00
8.980000000000000000e+02 6.670025986932091477e+00
8.990000000000000000e+02 7.871347312940729424e+00
9.000000000000000000e+02 8.079649245799597423e+00
9.010000000000000000e+02 1.065988087533706263e+01
9.020000000000000000e+02 1.040782909995852812e+01
9.030000000000000000e+02 9.335141630367125742e+00
9.040000000000000000e+02 7.662958473760606459e+00
9.050000000000000000e+02 3.914104990045776944e+00
9.060000000000000000e+02 7.143710370048010461e+00
9.070000000000000000e+02 1.093460522090846077e+01
9.080000000000000000e+02 8.210649249274212025e+00
9.090000000000000000e+02 7.970105879070734645e+00
9.100000000000000000e+02 7.805988051441524078e+00
9.110000000000000000e+02 1.591225769390264233e+01
9.120000000000000000e+02 1.764582931549485423e+01
9.130000000000000000e+02 1.216988435801723512e+01
9.140000000000000000e+02 1.035268584940878611e+01
9.150000000000000000e+02 1.252234157851068197e+01
9.160000000000000000e+02 1.236456214063473524e+01
9.170000000000000000e+02 1.266242023024270225e+01
9.180000000000000000e+02 1.542927619166148645e+01
9.190000000000000000e+02 1.424307945654427954e+01
9.200000000000000000e+02 1.428078545737401761e+01
9.210000000000000000e+02 1.396805426882387025e+01
9.220000000000000000e+02 1.692398665422128801e+01
9.230000000000000000e+02 1.926516214685744899e+01
9.240000000000000000e+02 1.852927107446596366e+01
9.250000000000000000e+02 2.242242806719175618e+01
9.260000000000000000e+02 1.556571275668967225e+01
9.270000000000000000e+02 1.259490190209505300e+01
9.280000000000000000e+02 1.172125449605979064e+01
9.290000000000000000e+02 1.635676260734274123e+01
9.300000000000000000e+02 1.740931522090865613e+01
9.310000000000000000e+02 1.242104847366243803e+01
9.320000000000000000e+02 1.193407037958929173e+01
9.330000000000000000e+02 1.704269906658369393e+01
9.340000000000000000e+02 1.504955681252588562e+01
9.350000000000000000e+02 1.367829379589294270e+01
9.360000000000000000e+02 1.121402394109100520e+01
9.370000000000000000e+02 1.136340103691420644e+01
9.380000000000000000e+02 1.333304819124671248e+01
9.390000000000000000e+02 1.566206237710027338e+01
9.400000000000000000e+02 1.703789018046060377e+01
9.410000000000000000e+02 1.469502313213017786e+01
9.420000000000000000e+02 1.275151941091053942e+01
9.430000000000000000e+02 1.138641433520013102e+01
9.440000000000000000e+02 1.474606390790281907e+01
9.450000000000000000e+02 1.406847338726394625e+01
9.460000000000000000e+02 9.460151582451809205e+00
9.470000000000000000e+02 7.106575052478735444e+00
9.480000000000000000e+02 8.057407516490345145e+00
9.490000000000000000e+02 8.768564351586814354e+00
9.500000000000000000e+02 8.972930305330846679e+00
9.510000000000000000e+02 9.432031323376898868e+00
9.520000000000000000e+02 1.044802400414845245e+01
9.530000000000000000e+02 5.898463335407464037e+00
9.540000000000000000e+02 2.249579136872658314e+00
9.550000000000000000e+02 4.476415773076308113e+00
9.560000000000000000e+02 7.118135814976079168e+00
9.570000000000000000e+02 3.709816523226825868e+00
9.580000000000000000e+02 2.124248361543229713e+00
9.590000000000000000e+02 2.024579062020330777e+00
9.600000000000000000e+02 2.342701794691018691e+00
9.610000000000000000e+02 5.023945991288066182e+00
9.620000000000000000e+02 6.393100909147481303e+00
9.630000000000000000e+02 1.535652510783689362e+00
9.640000000000000000e+02 2.829133657747357589e+00
9.650000000000000000e+02 1.143240819332085767e+00
9.660000000000000000e+02 2.617999777639367309e+00
9.670000000000000000e+02 1.895523096452961687e+00
9.680000000000000000e+02 3.994303969508422814e+00
9.690000000000000000e+02 5.133517509022998304e+00
9.700000000000000000e+02 4.545856308442231430e+00
9.710000000000000000e+02 4.072210461107653501e+00
9.720000000000000000e+02 5.403096372744306208e+00
9.730000000000000000e+02 7.269898235220900951e+00
9.740000000000000000e+02 4.704134038581216259e+00
9.750000000000000000e+02 2.460749016801481392e+00
9.760000000000000000e+02 5.316074447417554083e+00
9.770000000000000000e+02 1.509075895042556681e+00
9.780000000000000000e+02 6.047214274216983654e+00
9.790000000000000000e+02 6.329078923045007521e+00
9.800000000000000000e+02 2.904911932600590330e+00
9.810000000000000000e+02 2.057451470441815644e+00
9.820000000000000000e+02 1.380623644886960877e+00
9.830000000000000000e+02 1.734427912185780296e-01
9.840000000000000000e+02 8.515529491806685947e-01
9.850000000000000000e+02 2.487628480398235808e+00
9.860000000000000000e+02 6.481894529655723325e+00
9.870000000000000000e+02 7.697288731590957056e+00
9.880000000000000000e+02 9.556184967848940559e+00
9.890000000000000000e+02 1.101405982165076836e+01
9.900000000000000000e+02 1.013704767268201934e+01
9.910000000000000000e+02 1.077664920348473387e+01
9.920000000000000000e+02 1.264734032351721105e+01
9.930000000000000000e+02 1.183999254718938410e+01
9.940000000000000000e+02 1.151527483509642735e+01
9.950000000000000000e+02 1.818392882389541398e+01
9.960000000000000000e+02 2.381573515245803918e+01
9.970000000000000000e+02 2.496429632233975582e+01
9.980000000000000000e+02 2.517225352623935919e+01
9.990000000000000000e+02 2.825173736776590872e+01
1.000000000000000000e+03 3.323441959518367383e+01
1.001000000000000000e+03 3.405369572614112172e+01
1.002000000000000000e+03 3.670046531120325994e+01
1.003000000000000000e+03 3.729331609958506277e+01
1.004000000000000000e+03 3.773437692946056643e+01
1.005000000000000000e+03 3.943256788819866898e+01
1.006000000000000000e+03 4.146453807053945440e+01
1.007000000000000000e+03 4.598753989626523975e+01
1.008000000000000000e+03 5.412499387966823150e+01
1.009000000000000000e+03 5.894079726141082887e+01
1.010000000000000000e+03 5.368977709543565879e+01
1.011000000000000000e+03 5.575468659751037137e+01
1.012000000000000000e+03 6.257762497925315159e+01
1.013000000000000000e+03 6.464964401656314408e+01
1.014000000000000000e+03 6.812299686721978276e+01
1.015000000000000000e+03 6.670679296680462755e+01
1.016000000000000000e+03 6.432933952282151324e+01
1.017000000000000000e+03 6.770911923395445342e+01
1.018000000000000000e+03 6.385015390041488104e+01
1.019000000000000000e+03 6.093619796680506084e+01
1.020000000000000000e+03 6.099046203319493031e+01
1.021000000000000000e+03 5.503222211180130330e+01
1.022000000000000000e+03 5.716757049792541778e+01
1.023000000000000000e+03 5.594296315352698201e+01
1.024000000000000000e+03 5.092939709543552596e+01
1.025000000000000000e+03 4.916432571428568821e+01
1.026000000000000000e+03 4.800065373443986516e+01
1.027000000000000000e+03 4.648515655601653407e+01
1.028000000000000000e+03 4.459207236514505013e+01
1.029000000000000000e+03 4.234156875518694108e+01
1.030000000000000000e+03 3.536582315352686123e+01
1.031000000000000000e+03 3.071470902489604882e+01
1.032000000000000000e+03 3.424243510373388943e+01
1.033000000000000000e+03 3.681443620331958755e+01
1.034000000000000000e+03 3.258603601659721249e+01
1.035000000000000000e+03 3.017147576763530381e+01
1.036000000000000000e+03 3.414205871369303935e+01
1.037000000000000000e+03 3.177211278008297413e+01
1.038000000000000000e+03 2.969693676348524392e+01
1.039000000000000000e+03 2.683877475103751564e+01
1.040000000000000000e+03 2.674675230290454309e+01
1.041000000000000000e+03 2.887222251037353971e+01
1.042000000000000000e+03 2.653527422360272681e+01
1.043000000000000000e+03 2.416703672199167130e+01
1.044000000000000000e+03 2.582200585062242837e+01
1.045000000000000000e+03 2.784408850622415699e+01
1.046000000000000000e+03 3.295014510373401606e+01
1.047000000000000000e+03 3.627230234439834078e+01
1.048000000000000000e+03 3.596150334024893169e+01
1.049000000000000000e+03 3.587729665975110294e+01
1.050000000000000000e+03 3.744078687370585357e+01
1.051000000000000000e+03 4.446195991701280548e+01
1.052000000000000000e+03 5.242159107883865943e+01
1.053000000000000000e+03 5.913231904564255359e+01
1.054000000000000000e+03 7.037654695652177850e+01
1.055000000000000000e+03 8.577813541493884486e+01
1.056000000000000000e+03 9.958127987551823423e+01
1.057000000000000000e+03 1.143122159751032711e+02
1.058000000000000000e+03 1.251000172199172908e+02
1.059000000000000000e+03 1.391000190871386337e+02
1.060000000000000000e+03 1.490970917012441532e+02
1.061000000000000000e+03 1.658431701244814747e+02
1.062000000000000000e+03 1.942553485477200184e+02
1.063000000000000000e+03 2.304781168049760254e+02
1.064000000000000000e+03 2.796795958506212969e+02
1.065000000000000000e+03 3.490846892116215372e+02
1.066000000000000000e+03 4.370274373443978675e+02
1.067000000000000000e+03 5.579774356846427281e+02
1.068000000000000000e+03 6.486789265560177000e+02
1.069000000000000000e+03 6.105448477178350686e+02
1.070000000000000000e+03 5.844452078838160105e+02
1.071000000000000000e+03 6.866269565217382933e+02
1.072000000000000000e+03 9.909106763485692682e+02
1.073000000000000000e+03 1.690293877593268917e+03
1.074000000000000000e+03 2.991770352697012186e+03
1.075000000000000000e+03 4.602320209109748248e+03
1.076000000000000000e+03 5.608070041493810095e+03
1.077000000000000000e+03 6.249717692946011994e+03
1.078000000000000000e+03 6.949532639004140037e+03
1.079000000000000000e+03 7.827283304347884950e+03
1.080000000000000000e+03 8.929595885892000297e+03
1.081000000000000000e+03 1.027358636929455679e+04
1.082000000000000000e+03 1.212965946058096779e+04
1.083000000000000000e+03 1.524268800829908650e+04
1.084000000000000000e+03 2.059866282157639580e+04
1.085000000000000000e+03 2.905699763485480435e+04
1.086000000000000000e+03 3.998536543568538036e+04
1.087000000000000000e+03 5.571248739130400645e+04
1.088000000000000000e+03 5.254905369294635602e+04
1.089000000000000000e+03 3.230898929460487125e+04
1.090000000000000000e+03 1.438689288381693223e+04
1.091000000000000000e+03 6.218773327801109190e+03
1.092000000000000000e+03 3.089318853002063406e+03
1.093000000000000000e+03 1.890832709543503825e+03
1.094000000000000000e+03 1.282580643153566371e+03
1.095000000000000000e+03 9.398035228215842380e+02
1.096000000000000000e+03 7.253460521739040132e+02
1.097000000000000000e+03 5.728162802904643058e+02
1.098000000000000000e+03 4.627316531120380887e+02
1.099000000000000000e+03 3.829985686721984166e+02
1.100000000000000000e+03 3.234424494823965119e+02
1.101000000000000000e+03 2.793917082987578056e+02
1.102000000000000000e+03 2.432377319502078876e+02
1.103000000000000000e+03 2.092191149377578370e+02
1.104000000000000000e+03 1.814824695652163769e+02
1.105000000000000000e+03 1.610806066390049693e+02
1.106000000000000000e+03 1.382635051867214884e+02
1.107000000000000000e+03 1.213619298755173332e+02
1.108000000000000000e+03 1.057855811203331911e+02
1.109000000000000000e+03 9.115889012448128881e+01
1.110000000000000000e+03 8.145027904564268795e+01
1.111000000000000000e+03 7.717119734439843626e+01
1.112000000000000000e+03 7.036403954356890722e+01
1.113000000000000000e+03 6.137805713692917209e+01
1.114000000000000000e+03 5.608101296680431602e+01
1.115000000000000000e+03 4.887447151452335703e+01
1.116000000000000000e+03 4.195612155279503952e+01
1.117000000000000000e+03 3.952955510373413972e+01
1.118000000000000000e+03 3.507974908713706697e+01
1.119000000000000000e+03 3.675615390041488695e+01
1.120000000000000000e+03 3.003491402489591167e+01
1.121000000000000000e+03 2.533828347826085192e+01
1.122000000000000000e+03 2.435484504149390617e+01
1.123000000000000000e+03 2.021246112033189846e+01
1.124000000000000000e+03 1.812537087136944081e+01
1.125000000000000000e+03 2.052347066252585606e+01
1.126000000000000000e+03 1.717011502074693041e+01
1.127000000000000000e+03 1.530959639004143114e+01
1.128000000000000000e+03 1.537243999999961019e+01
1.129000000000000000e+03 1.071725582987554404e+01
1.130000000000000000e+03 1.573871404564326859e+01
1.131000000000000000e+03 1.485697721991650333e+01
1.132000000000000000e+03 9.652481929460918764e+00
1.133000000000000000e+03 6.361944093167728020e+00
1.134000000000000000e+03 5.569433917012547752e+00
1.135000000000000000e+03 5.417010419087167072e+00
1.136000000000000000e+03 3.166038157676378084e+00
1.137000000000000000e+03 2.914736485477142480e+00
1.138000000000000000e+03 1.432532778027542752e+00
1.139000000000000000e+03 1.316344794947937880e+00
1.140000000000000000e+03 1.314564228215757247e+00
1.141000000000000000e+03 1.709861066252578388e+00
1.142000000000000000e+03 2.007246385892081264e+00
1.143000000000000000e+03 9.929089875519219177e-01
1.144000000000000000e+03 1.104632734439930708e+00
1.145000000000000000e+03 3.213963196687383395e+00
1.146000000000000000e+03 3.537094983402477411e+00
1.147000000000000000e+03 2.173825572614064061e+00
1.148000000000000000e+03 1.173948792531111396e+00
1.149000000000000000e+03 9.746266031120269346e+00
1.150000000000000000e+03 3.461863031056075624e+00
1.151000000000000000e+03 4.634963319502002910e-01
1.152000000000000000e+03 4.676211551867796246e+00
1.153000000000000000e+03 4.439536190871576693e+00
1.154000000000000000e+03 3.181519144927533294e+00
1.155000000000000000e+03 2.429777255186570173e+00
1.156000000000000000e+03 8.987690995851422837e-01
1.157000000000000000e+03 1.902278755186594394e-01
1.158000000000000000e+03 4.443483941909476265e-01
1.159000000000000000e+03 2.629801053942008249e+00
1.160000000000000000e+03 3.788331564315467137e+00
1.161000000000000000e+03 9.437810290456721818e-01
1.162000000000000000e+03 5.066725403725969024e-01
1.163000000000000000e+03 1.423021082987441233e+00
1.164000000000000000e+03 2.472024827800825442e+00
1.165000000000000000e+03 9.574178589210211587e-01
1.166000000000000000e+03 3.711931514522217590e+00
1.167000000000000000e+03 1.660889560166209922e+00
1.168000000000000000e+03 6.170348626556033445e+00
1.169000000000000000e+03 4.227300535269212567e+00
1.170000000000000000e+03 1.300320509317008044e+00
1.171000000000000000e+03 2.142552311203325122e+00
1.172000000000000000e+03 2.688628591286510439e+00
1.173000000000000000e+03 7.143342661825465179e+00
1.174000000000000000e+03 6.579670420289910560e+00
1.175000000000000000e+03 6.912432643153588074e+00
1.176000000000000000e+03 6.960884273858956028e+00
1.177000000000000000e+03 5.502252605809242247e+00
1.178000000000000000e+03 3.833643149377594650e+00
1.179000000000000000e+03 4.969465858921457091e+00
1.180000000000000000e+03 6.956552248962657892e+00
1.181000000000000000e+03 5.111904369294581585e+00
1.182000000000000000e+03 5.533322095435606158e+00
1.183000000000000000e+03 3.901420286306830132e+00
1.184000000000000000e+03 6.173873502074694208e+00
1.185000000000000000e+03 7.128984373443924660e+00
1.186000000000000000e+03 1.072485120746931564e+01
1.187000000000000000e+03 1.230635852697105115e+01
1.188000000000000000e+03 1.276585421161824385e+01
1.189000000000000000e+03 1.391305300829878533e+01
1.190000000000000000e+03 1.331274178423242915e+01
1.191000000000000000e+03 1.201407024844723814e+01
1.192000000000000000e+03 1.064418858921155042e+01
1.193000000000000000e+03 1.037536639834042695e+01
1.194000000000000000e+03 1.512396825726126437e+01
1.195000000000000000e+03 1.024263559006214130e+01
1.196000000000000000e+03 9.389724163900485365e+00
1.197000000000000000e+03 1.055913466804974554e+01
1.198000000000000000e+03 1.012180483402483055e+01
1.199000000000000000e+03 1.430297722567301122e+01
1.200000000000000000e+03 1.453562493775930164e+01
1.201000000000000000e+03 1.533011261410766046e+01
1.202000000000000000e+03 1.465773697095436745e+01
1.203000000000000000e+03 1.085479925465825346e+01
1.204000000000000000e+03 1.224877151452244739e+01
1.205000000000000000e+03 1.651024771784225109e+01
1.206000000000000000e+03 1.709795385892115149e+01
1.207000000000000000e+03 1.476069943983378963e+01
1.208000000000000000e+03 1.332511132780101981e+01
1.209000000000000000e+03 9.362503174273843598e+00
1.210000000000000000e+03 9.465716954356954815e+00
1.211000000000000000e+03 1.151402228215762413e+01
1.212000000000000000e+03 1.013721614078682087e+01
1.213000000000000000e+03 8.896690221991724101e+00
1.214000000000000000e+03 1.047242373443985564e+01
1.215000000000000000e+03 1.188750852697094196e+01
1.216000000000000000e+03 1.057115670807448105e+01
1.217000000000000000e+03 8.731569659751038159e+00
1.218000000000000000e+03 8.558719688796784908e+00
1.219000000000000000e+03 9.045378319502059838e+00
1.220000000000000000e+03 9.568666782608804766e+00
1.221000000000000000e+03 9.147137026971016383e+00
1.222000000000000000e+03 1.016896300829870370e+01
1.223000000000000000e+03 1.130554168049794406e+01
1.224000000000000000e+03 1.214613751552791854e+01
1.225000000000000000e+03 1.026334048962675460e+01
1.226000000000000000e+03 5.558074875518685509e+00
1.227000000000000000e+03 5.356725120332233026e+00
1.228000000000000000e+03 7.257147518672189435e+00
1.229000000000000000e+03 9.104967031120187571e+00
1.230000000000000000e+03 1.321805039419091443e+01
1.231000000000000000e+03 1.125255813277965444e+01
1.232000000000000000e+03 6.947022512448266518e+00
1.233000000000000000e+03 9.594256572614149547e+00
1.234000000000000000e+03 1.218171485477190075e+01
1.235000000000000000e+03 8.272861950207580861e+00
1.236000000000000000e+03 8.448721006211124873e+00
1.237000000000000000e+03 1.028851211618254169e+01
1.238000000000000000e+03 7.407094512447885748e+00
1.239000000000000000e+03 6.128220516597443712e+00
1.240000000000000000e+03 6.054790894190865025e+00
1.241000000000000000e+03 3.229684490682931397e+00
1.242000000000000000e+03 3.959996912862578711e+00
1.243000000000000000e+03 8.312522352697087058e+00
1.244000000000000000e+03 8.149628618257276358e+00
1.245000000000000000e+03 7.925873739130404161e+00
1.246000000000000000e+03 5.849785014522908000e+00
1.247000000000000000e+03 5.015789997925303112e+00
1.248000000000000000e+03 4.905829238589207719e+00
1.249000000000000000e+03 4.686888829875421436e+00
1.250000000000000000e+03 6.911824618257253583e+00
1.251000000000000000e+03 8.239671962655581439e+00
1.252000000000000000e+03 5.490868269709422655e+00
1.253000000000000000e+03 7.817127600413805055e+00
1.254000000000000000e+03 9.079129663900269875e+00
1.255000000000000000e+03 6.193935769709471906e+00
1.256000000000000000e+03 5.840179543568480902e+00
1.257000000000000000e+03 6.504574869294585504e+00
1.258000000000000000e+03 6.849488410788253212e+00
1.259000000000000000e+03 4.218511186722093242e+00
1.260000000000000000e+03 4.489106709543501772e+00
1.261000000000000000e+03 9.475035161825823948e+00
1.262000000000000000e+03 6.980078072613582485e+00
1.263000000000000000e+03 2.401430112033309694e+00
1.264000000000000000e+03 2.015859290456435193e+00
1.265000000000000000e+03 3.760045115942150851e+00
1.266000000000000000e+03 5.097914082987530904e+00
1.267000000000000000e+03 4.092557817427426414e+00
1.268000000000000000e+03 3.049594941908718493e+00
1.269000000000000000e+03 2.176384244813316826e+00
1.270000000000000000e+03 4.715040683230599106e-01
1.271000000000000000e+03 4.120616491701435180e+00
1.272000000000000000e+03 9.337960512447885719e+00
1.273000000000000000e+03 1.728786734440172834e+00
1.274000000000000000e+03 3.964473993788806716e+00
1.275000000000000000e+03 1.855046796680352994e+00
1.276000000000000000e+03 7.622214190869731620e-01
1.277000000000000000e+03 2.770045676348472874e+00
1.278000000000000000e+03 3.901224740663962187e+00
1.279000000000000000e+03 6.616284836099666222e+00
1.280000000000000000e+03 7.246948178423260778e+00
1.281000000000000000e+03 8.058446041493757761e+00
1.282000000000000000e+03 5.880216776397228173e+00
1.283000000000000000e+03 6.112995070538894460e+00
1.284000000000000000e+03 6.743549485477379868e+00
1.285000000000000000e+03 4.818654390041541724e+00
1.286000000000000000e+03 6.783325771784231684e+00
1.287000000000000000e+03 5.204137724066476345e+00
1.288000000000000000e+03 3.440969941908708307e+00
1.289000000000000000e+03 8.813342593360155020e-01
1.290000000000000000e+03 1.367718650103195710e+00
1.291000000000000000e+03 3.954420634854757033e+00
1.292000000000000000e+03 3.452320522821469506e+00
1.293000000000000000e+03 1.106853450871477240e-01
1.294000000000000000e+03 3.128678080745053602e+00
1.295000000000000000e+03 3.791542535269686987e+00
1.296000000000000000e+03 4.957634970954145182e+00
1.297000000000000000e+03 5.283913977179189203e+00
1.298000000000000000e+03 7.797522883817615824e-01
1.299000000000000000e+03 4.561892440994184561e+00
1.300000000000000000e+03 5.511452983402850947e+00
1.301000000000000000e+03 1.117203423236559523e+00
1.302000000000000000e+03 4.592138929460611863e+00
1.303000000000000000e+03 6.190914771784002291e+00
1.304000000000000000e+03 2.994035703319805286e+00
1.305000000000000000e+03 1.689287344398402585e-02
1.306000000000000000e+03 0.000000000000000000e+00
1.307000000000000000e+03 0.000000000000000000e+00
1.308000000000000000e+03 0.000000000000000000e+00
1.309000000000000000e+03 0.000000000000000000e+00
1.310000000000000000e+03 0.000000000000000000e+00
1.311000000000000000e+03 0.000000000000000000e+00
1.312000000000000000e+03 0.000000000000000000e+00
1.313000000000000000e+03 0.000000000000000000e+00
1.314000000000000000e+03 0.000000000000000000e+00
1.315000000000000000e+03 0.000000000000000000e+00
1.316000000000000000e+03 0.000000000000000000e+00
1.317000000000000000e+03 0.000000000000000000e+00
1.318000000000000000e+03 0.000000000000000000e+00
1.319000000000000000e+03 0.000000000000000000e+00
1.320000000000000000e+03 0.000000000000000000e+00
1.321000000000000000e+03 0.000000000000000000e+00
1.322000000000000000e+03 0.000000000000000000e+00
1.323000000000000000e+03 0.000000000000000000e+00
1.324000000000000000e+03 0.000000000000000000e+00
1.325000000000000000e+03 0.000000000000000000e+00
1.326000000000000000e+03 0.000000000000000000e+00
1.327000000000000000e+03 0.000000000000000000e+00
1.328000000000000000e+03 0.000000000000000000e+00
1.329000000000000000e+03 0.000000000000000000e+00
1.330000000000000000e+03 0.000000000000000000e+00
1.331000000000000000e+03 0.000000000000000000e+00
1.332000000000000000e+03 0.000000000000000000e+00
1.333000000000000000e+03 0.000000000000000000e+00
1.334000000000000000e+03 0.000000000000000000e+00
1.335000000000000000e+03 0.000000000000000000e+00
1.336000000000000000e+03 0.000000000000000000e+00
1.337000000000000000e+03 0.000000000000000000e+00
1.338000000000000000e+03 0.000000000000000000e+00
1.339000000000000000e+03 0.000000000000000000e+00
1.340000000000000000e+03 0.000000000000000000e+00
1.341000000000000000e+03 0.000000000000000000e+00
1.342000000000000000e+03 0.000000000000000000e+00
1.343000000000000000e+03 0.000000000000000000e+00
1.344000000000000000e+03 0.000000000000000000e+00
1.345000000000000000e+03 0.000000000000000000e+00
1.346000000000000000e+03 0.000000000000000000e+00
1.347000000000000000e+03 0.000000000000000000e+00
1.348000000000000000e+03 0.000000000000000000e+00
1.349000000000000000e+03 0.000000000000000000e+00
1.350000000000000000e+03 0.000000000000000000e+00
1.351000000000000000e+03 0.000000000000000000e+00
1.352000000000000000e+03 0.000000000000000000e+00
1.353000000000000000e+03 0.000000000000000000e+00
1.354000000000000000e+03 0.000000000000000000e+00
1.355000000000000000e+03 0.000000000000000000e+00
1.356000000000000000e+03 0.000000000000000000e+00
1.357000000000000000e+03 0.000000000000000000e+00
1.358000000000000000e+03 0.000000000000000000e+00
1.359000000000000000e+03 0.000000000000000000e+00
1.360000000000000000e+03 0.000000000000000000e+00
1.361000000000000000e+03 0.000000000000000000e+00
1.362000000000000000e+03 0.000000000000000000e+00
1.363000000000000000e+03 0.000000000000000000e+00
1.364000000000000000e+03 0.000000000000000000e+00
1.365000000000000000e+03 0.000000000000000000e+00
1.366000000000000000e+03 0.000000000000000000e+00
1.367000000000000000e+03 0.000000000000000000e+00
1.368000000000000000e+03 0.000000000000000000e+00
1.369000000000000000e+03 0.000000000000000000e+00
1.370000000000000000e+03 0.000000000000000000e+00
1.371000000000000000e+03 0.000000000000000000e+00
1.372000000000000000e+03 0.000000000000000000e+00
1.373000000000000000e+03 0.000000000000000000e+00
1.374000000000000000e+03 0.000000000000000000e+00
1.375000000000000000e+03 0.000000000000000000e+00
1.376000000000000000e+03 0.000000000000000000e+00
1.377000000000000000e+03 0.000000000000000000e+00
1.378000000000000000e+03 0.000000000000000000e+00
1.379000000000000000e+03 0.000000000000000000e+00
1.380000000000000000e+03 0.000000000000000000e+00
1.381000000000000000e+03 0.000000000000000000e+00
1.382000000000000000e+03 0.000000000000000000e+00
1.383000000000000000e+03 0.000000000000000000e+00
1.384000000000000000e+03 0.000000000000000000e+00
1.385000000000000000e+03 0.000000000000000000e+00
1.386000000000000000e+03 0.000000000000000000e+00
1.387000000000000000e+03 0.000000000000000000e+00
1.388000000000000000e+03 0.000000000000000000e+00
1.389000000000000000e+03 0.000000000000000000e+00
1.390000000000000000e+03 0.000000000000000000e+00
1.391000000000000000e+03 0.000000000000000000e+00
1.392000000000000000e+03 0.000000000000000000e+00
1.393000000000000000e+03 0.000000000000000000e+00
1.394000000000000000e+03 0.000000000000000000e+00
1.395000000000000000e+03 0.000000000000000000e+00
1.396000000000000000e+03 0.000000000000000000e+00
1.397000000000000000e+03 0.000000000000000000e+00
1.398000000000000000e+03 0.000000000000000000e+00
1.399000000000000000e+03 0.000000000000000000e+00
1.400000000000000000e+03 0.000000000000000000e+00
1.401000000000000000e+03 0.000000000000000000e+00
1.402000000000000000e+03 0.000000000000000000e+00
1.403000000000000000e+03 0.000000000000000000e+00
1.404000000000000000e+03 0.000000000000000000e+00
1.405000000000000000e+03 0.000000000000000000e+00
1.406000000000000000e+03 0.000000000000000000e+00
1.407000000000000000e+03 0.000000000000000000e+00
1.408000000000000000e+03 0.000000000000000000e+00
1.409000000000000000e+03 0.000000000000000000e+00
1.410000000000000000e+03 0.000000000000000000e+00
1.411000000000000000e+03 0.000000000000000000e+00
1.412000000000000000e+03 0.000000000000000000e+00
1.413000000000000000e+03 0.000000000000000000e+00
1.414000000000000000e+03 0.000000000000000000e+00
1.415000000000000000e+03 0.000000000000000000e+00
1.416000000000000000e+03 0.000000000000000000e+00
1.417000000000000000e+03 0.000000000000000000e+00
1.418000000000000000e+03 0.000000000000000000e+00
1.419000000000000000e+03 0.000000000000000000e+00
1.420000000000000000e+03 0.000000000000000000e+00
1.421000000000000000e+03 0.000000000000000000e+00
1.422000000000000000e+03 0.000000000000000000e+00
1.423000000000000000e+03 0.000000000000000000e+00
1.424000000000000000e+03 0.000000000000000000e+00
1.425000000000000000e+03 0.000000000000000000e+00
1.426000000000000000e+03 0.000000000000000000e+00
1.427000000000000000e+03 0.000000000000000000e+00
1.428000000000000000e+03 0.000000000000000000e+00
1.429000000000000000e+03 0.000000000000000000e+00
1.430000000000000000e+03 0.000000000000000000e+00
1.431000000000000000e+03 0.000000000000000000e+00
1.432000000000000000e+03 0.000000000000000000e+00
1.433000000000000000e+03 0.000000000000000000e+00
1.434000000000000000e+03 0.000000000000000000e+00
1.435000000000000000e+03 0.000000000000000000e+00
1.436000000000000000e+03 0.000000000000000000e+00
1.437000000000000000e+03 0.000000000000000000e+00
1.438000000000000000e+03 0.000000000000000000e+00
1.439000000000000000e+03 0.000000000000000000e+00
1.440000000000000000e+03 0.000000000000000000e+00
1.441000000000000000e+03 0.000000000000000000e+00
1.442000000000000000e+03 0.000000000000000000e+00
1.443000000000000000e+03 0.000000000000000000e+00
1.444000000000000000e+03 0.000000000000000000e+00
1.445000000000000000e+03 0.000000000000000000e+00
1.446000000000000000e+03 0.000000000000000000e+00
1.447000000000000000e+03 0.000000000000000000e+00
1.448000000000000000e+03 0.000000000000000000e+00
1.449000000000000000e+03 0.000000000000000000e+00
1.450000000000000000e+03 0.000000000000000000e+00
1.451000000000000000e+03 0.000000000000000000e+00
1.452000000000000000e+03 0.000000000000000000e+00
1.453000000000000000e+03 0.000000000000000000e+00
1.454000000000000000e+03 0.000000000000000000e+00
1.455000000000000000e+03 0.000000000000000000e+00
1.456000000000000000e+03 0.000000000000000000e+00
1.457000000000000000e+03 0.000000000000000000e+00
1.458000000000000000e+03 0.000000000000000000e+00
1.459000000000000000e+03 0.000000000000000000e+00
1.460000000000000000e+03 0.000000000000000000e+00
1.461000000000000000e+03 0.000000000000000000e+00
1.462000000000000000e+03 0.000000000000000000e+00
1.463000000000000000e+03 0.000000000000000000e+00
1.464000000000000000e+03 0.000000000000000000e+00
1.465000000000000000e+03 0.000000000000000000e+00
1.466000000000000000e+03 0.000000000000000000e+00
1.467000000000000000e+03 0.000000000000000000e+00
1.468000000000000000e+03 0.000000000000000000e+00
1.469000000000000000e+03 0.000000000000000000e+00
1.470000000000000000e+03 0.000000000000000000e+00
1.471000000000000000e+03 0.000000000000000000e+00
1.472000000000000000e+03 0.000000000000000000e+00
1.473000000000000000e+03 0.000000000000000000e+00
1.474000000000000000e+03 0.000000000000000000e+00
1.475000000000000000e+03 0.000000000000000000e+00
1.476000000000000000e+03 0.000000000000000000e+00
1.477000000000000000e+03 0.000000000000000000e+00
1.478000000000000000e+03 0.000000000000000000e+00
1.479000000000000000e+03 0.000000000000000000e+00
1.480000000000000000e+03 0.000000000000000000e+00
1.481000000000000000e+03 0.000000000000000000e+00
1.482000000000000000e+03 0.000000000000000000e+00
1.483000000000000000e+03 0.000000000000000000e+00
1.484000000000000000e+03 0.000000000000000000e+00
1.485000000000000000e+03 0.000000000000000000e+00
1.486000000000000000e+03 0.000000000000000000e+00
1.487000000000000000e+03 0.000000000000000000e+00
1.488000000000000000e+03 0.000000000000000000e+00
1.489000000000000000e+03 0.000000000000000000e+00
1.490000000000000000e+03 0.000000000000000000e+00
1.491000000000000000e+03 0.000000000000000000e+00
1.492000000000000000e+03 0.000000000000000000e+00
1.493000000000000000e+03 0.000000000000000000e+00
1.494000000000000000e+03 0.000000000000000000e+00
1.495000000000000000e+03 0.000000000000000000e+00
1.496000000000000000e+03 0.000000000000000000e+00
1.497000000000000000e+03 0.000000000000000000e+00
1.498000000000000000e+03 0.000000000000000000e+00
1.499000000000000000e+03 0.000000000000000000e+00
1.500000000000000000e+03 0.000000000000000000e+00
